1675252889569 2.1754910945892334 0
1675254251767 2.1275527477264404 1
1675255614489 2.0332841873168945 2
1675256960304 1.9484217166900635 3
1675258284803 1.8746978044509888 4
1675259610253 1.8074208498001099 5
1675260935265 1.7451311349868774 6
1675262260146 1.6849050521850586 7
1675263585812 1.6251192092895508 8
1675265014295 1.5644748210906982 9
1675266338718 1.5156246423721313 10
1675267664302 1.4716840982437134 11
1675268989081 1.4304094314575195 12
1675270313256 1.392844557762146 13
1675271637351 1.361407995223999 14
1675272961846 1.329272747039795 15
1675274286564 1.3059470653533936 16
1675275611431 1.2754511833190918 17
1675277048740 1.2550864219665527 18
1675278374782 1.2292158603668213 19
1675279702364 1.2132831811904907 20
1675281026278 1.1963356733322144 21
1675282350028 1.1788111925125122 22
1675283677525 1.1598474979400635 23
1675285004495 1.1496937274932861 24
1675286332300 1.1373568773269653 25
1675287660292 1.1185815334320068 26
1675288987949 1.1074618101119995 27
1675290428464 1.099131464958191 28
1675291756900 1.0899322032928467 29
1675293084244 1.0754189491271973 30
1675294407216 1.0653609037399292 31
1675295728205 1.0567145347595215 32
1675297049118 1.0458568334579468 33
1675298369916 1.036985993385315 34
1675299690171 1.0323363542556763 35
1675301011128 1.0222140550613403 36
1675302439993 1.0103071928024292 37
1675303760718 1.002420425415039 38
1675305080762 1.0021744966506958 39
1675306400969 0.9907271265983582 40
1675307721813 0.9810194373130798 41
1675309041558 0.9805577397346497 42
1675310362082 0.9689878225326538 43
1675311682713 0.9616572856903076 44
1675313003279 0.9591096639633179 45
1675314436066 0.9505317211151123 46
1675315756344 0.9445978999137878 47
1675317077025 0.9374767541885376 48
1675318396268 0.9340946674346924 49
1675319717106 0.9299526810646057 50
1675321037847 0.921373724937439 51
1675322358848 0.9173350930213928 52
1675323679334 0.9129788875579834 53
1675325000480 0.9123212099075317 54
1675326321518 0.9029026031494141 55
1675327754421 0.8994309902191162 56
1675329075248 0.8945510387420654 57
1675330395545 0.8896399140357971 58
1675331716704 0.8872941732406616 59
1675333036905 0.8802483081817627 60
1675334357565 0.8804576396942139 61
1675335678441 0.8721168041229248 62
1675336999423 0.8670199513435364 63
1675338319808 0.8678375482559204 64
1675339749421 0.8610097169876099 65
1675341070328 0.8572317957878113 66
1675342390032 0.8561770915985107 67
1675343711330 0.8479850888252258 68
1675345032183 0.8465309143066406 69
1675346351449 1.1352723836898804 70
1675347668835 2.1399195194244385 71
1675348986921 2.1296348571777344 72
1675350305268 2.124439239501953 73
1675351622271 2.1217923164367676 74
1675352940290 2.1205191612243652 75
1675354258132 2.1195297241210938 76
1675355576523 2.118912935256958 77
1675356893977 2.119596242904663 78
1675358212301 2.1189351081848145 79
1675359530692 2.118800401687622 80
1675360848495 2.118910312652588 81
1675362167572 2.119049310684204 82
1675363486813 2.1184439659118652 83
1675364807206 2.1180906295776367 84
1675366125738 2.1190624237060547 85
1675367446236 2.1184942722320557 86
1675368766677 2.118131399154663 87
1675370084784 2.1179440021514893 88
1675371404368 2.1191699504852295 89
1675372723110 2.1178858280181885 90
1675374041973 2.118126153945923 91
1675375360062 2.118271589279175 92
1675376678518 2.118222236633301 93
1675377999236 2.1182520389556885 94
1675379317287 2.1178362369537354 95
1675380635048 2.1186764240264893 96
1675381953328 2.1176047325134277 97
1675383272153 2.118129014968872 98
1675384589617 2.118149757385254 99
1675385907951 2.118195056915283 100
1675387226209 2.117767810821533 101
1675388544820 2.1178269386291504 102
1675389862467 2.118311643600464 103
1675391180525 2.1176035404205322 104
1675392499102 2.1178605556488037 105
1675393816918 2.1182076930999756 106
1675395135326 2.1182303428649902 107
1675396453294 2.117547035217285 108
1675397771519 2.1175832748413086 109
1675399088968 2.1183855533599854 110
1675400407444 2.1176979541778564 111
1675401725803 2.1177968978881836 112
1675403042667 2.1179709434509277 113
1675404360631 2.118267059326172 114
1675405678884 2.1177384853363037 115
1675406997363 2.117441177368164 116
1675408314648 2.118351936340332 117
1675409633005 2.117961883544922 118
1675410951566 2.1175684928894043 119
1675412266603 2.1175220012664795 120
1675413578052 2.118630886077881 121
1675414889684 2.117495536804199 122
1675416201242 2.1177444458007812 123
1675417512754 2.1178643703460693 124
1675418824181 2.1178698539733887 125
1675420136234 2.1178653240203857 126
1675421448229 2.1175293922424316 127
1675422759015 2.1184258460998535 128
1675424070630 2.1173181533813477 129
1675425382679 2.117826461791992 130
1675426696656 2.117936611175537 131
1675428012069 2.117931365966797 132
1675429328014 2.1176371574401855 133
1675430643240 2.1175925731658936 134
1675431958546 2.118220090866089 135
