1675252889569 3.7310972213745117 0
1675254251767 3.1577606201171875 1
1675255614489 2.820905923843384 2
1675256960304 2.512925863265991 3
1675258284803 2.2748446464538574 4
1675259610253 2.0953338146209717 5
1675260935265 1.9646846055984497 6
1675262260146 1.860840916633606 7
1675263585812 1.772121548652649 8
1675265014295 1.6909902095794678 9
1675266338718 1.6283743381500244 10
1675267664302 1.5746879577636719 11
1675268989081 1.5261993408203125 12
1675270313256 1.4822320938110352 13
1675271637351 1.4461097717285156 14
1675272961846 1.4104604721069336 15
1675274286564 1.3833447694778442 16
1675275611431 1.3500412702560425 17
1675277048740 1.3274410963058472 18
1675278374782 1.2991158962249756 19
1675279702364 1.28147554397583 20
1675281026278 1.2626830339431763 21
1675282350028 1.2438393831253052 22
1675283677525 1.2232095003128052 23
1675285004495 1.2116918563842773 24
1675286332300 1.1981922388076782 25
1675287660292 1.1778353452682495 26
1675288987949 1.1663334369659424 27
1675290428464 1.156899333000183 28
1675291756900 1.1468539237976074 29
1675293084244 1.1308448314666748 30
1675294407216 1.1203111410140991 31
1675295728205 1.1108921766281128 32
1675297049118 1.0993512868881226 33
1675298369916 1.090087890625 34
1675299690171 1.084214210510254 35
1675301011128 1.0737217664718628 36
1675302439993 1.0614039897918701 37
1675303760718 1.052571177482605 38
1675305080762 1.0521680116653442 39
1675306400969 1.0401127338409424 40
1675307721813 1.0294921398162842 41
1675309041558 1.0290796756744385 42
1675310362082 1.016837239265442 43
1675311682713 1.0089185237884521 44
1675313003279 1.0059956312179565 45
1675314436066 0.9971629977226257 46
1675315756344 0.990715742111206 47
1675317077025 0.9829705357551575 48
1675318396268 0.9792527556419373 49
1675319717106 0.9755170941352844 50
1675321037847 0.9658511281013489 51
1675322358848 0.9614971876144409 52
1675323679334 0.9569776058197021 53
1675325000480 0.956294596195221 54
1675326321518 0.9462547302246094 55
1675327754421 0.9429102540016174 56
1675329075248 0.937242329120636 57
1675330395545 0.9319010376930237 58
1675331716704 0.9295598864555359 59
1675333036905 0.9220799207687378 60
1675334357565 0.9222822189331055 61
1675335678441 0.9134308695793152 62
1675336999423 0.9080984592437744 63
1675338319808 0.9089510440826416 64
1675339749421 0.9016449451446533 65
1675341070328 0.8976629972457886 66
1675342390032 0.8963549137115479 67
1675343711330 0.8882646560668945 68
1675345032183 0.8862678408622742 69
1675346351449 1.1772724390029907 70
1675347668835 2.1822261810302734 71
1675348986921 2.1708405017852783 72
1675350305268 2.1651437282562256 73
1675351622271 2.162465810775757 74
1675352940290 2.160644054412842 75
1675354258132 2.1592304706573486 76
1675355576523 2.1584274768829346 77
1675356893977 2.1588897705078125 78
1675358212301 2.1577484607696533 79
1675359530692 2.1571311950683594 80
1675360848495 2.1569881439208984 81
1675362167572 2.1568102836608887 82
1675363486813 2.1557068824768066 83
1675364807206 2.1551108360290527 84
1675366125738 2.155747890472412 85
1675367446236 2.155940532684326 86
1675368766677 2.154158353805542 87
1675370084784 2.153681755065918 88
1675371404368 2.1548402309417725 89
1675372723110 2.1532254219055176 90
1675374041973 2.1544673442840576 91
1675375360062 2.1531379222869873 92
1675376678518 2.153064250946045 93
1675377999236 2.1527578830718994 94
1675379317287 2.1525661945343018 95
1675380635048 2.153160572052002 96
1675381953328 2.151618003845215 97
1675383272153 2.1520063877105713 98
1675384589617 2.151780605316162 99
1675385907951 2.1518516540527344 100
1675387226209 2.1510913372039795 101
1675388544820 2.150974750518799 102
1675389862467 2.15140700340271 103
1675391180525 2.1504814624786377 104
1675392499102 2.151116371154785 105
1675393816918 2.1507201194763184 106
1675395135326 2.150675058364868 107
1675396453294 2.1497838497161865 108
1675397771519 2.1497788429260254 109
1675399088968 2.150433301925659 110
1675400407444 2.1496787071228027 111
1675401725803 2.149549722671509 112
1675403042667 2.1495893001556396 113
1675404360631 2.149775981903076 114
1675405678884 2.15014386177063 115
1675406997363 2.148695707321167 116
1675408314648 2.1494839191436768 117
1675409633005 2.149019241333008 118
1675410951566 2.148555040359497 119
1675412266603 2.1483688354492188 120
1675413578052 2.149400472640991 121
1675414889684 2.1482033729553223 122
1675416201242 2.148362636566162 123
1675417512754 2.1483235359191895 124
1675418824181 2.1483516693115234 125
1675420136234 2.1481051445007324 126
1675421448229 2.147653818130493 127
1675422759015 2.1485376358032227 128
1675424070630 2.1472370624542236 129
1675425382679 2.147716999053955 130
1675426696656 2.1483066082000732 131
1675428012069 2.1477301120758057 132
1675429328014 2.147183895111084 133
1675430643240 2.1470630168914795 134
1675431958546 2.148312568664551 135
