1675252889569 5e-08 0
1675254251767 9.418751e-06 1
1675255614489 1.8787501e-05 2
1675256960304 2.8156252e-05 3
1675258284803 3.7525002e-05 4
1675259610253 4.689375e-05 5
1675260935265 5.6262503e-05 6
1675262260146 6.5631255e-05 7
1675263585812 7.5e-05 8
1675265014295 7.5e-05 9
1675266338718 7.5e-05 10
1675267664302 7.5e-05 11
1675268989081 7.5e-05 12
1675270313256 7.5e-05 13
1675271637351 7.5e-05 14
1675272961846 7.5e-05 15
1675274286564 7.5e-05 16
1675275611431 7.5e-05 17
1675277048740 7.5e-05 18
1675278374782 7.5e-05 19
1675279702364 7.5e-05 20
1675281026278 7.5e-05 21
1675282350028 7.5e-05 22
1675283677525 7.5e-05 23
1675285004495 7.5e-05 24
1675286332300 7.5e-05 25
1675287660292 7.5e-05 26
1675288987949 7.5e-05 27
1675290428464 7.5e-05 28
1675291756900 7.5e-05 29
1675293084244 7.5e-05 30
1675294407216 7.5e-05 31
1675295728205 7.5e-05 32
1675297049118 7.5e-05 33
1675298369916 7.5e-05 34
1675299690171 7.5e-05 35
1675301011128 7.5e-05 36
1675302439993 7.5e-05 37
1675303760718 7.5e-05 38
1675305080762 7.5e-05 39
1675306400969 7.5e-05 40
1675307721813 7.5e-05 41
1675309041558 7.5e-05 42
1675310362082 7.5e-05 43
1675311682713 7.5e-05 44
1675313003279 7.5e-05 45
1675314436066 7.5e-05 46
1675315756344 7.5e-05 47
1675317077025 7.5e-05 48
1675318396268 7.5e-05 49
1675319717106 7.5e-05 50
1675321037847 7.5e-05 51
1675322358848 7.5e-05 52
1675323679334 7.5e-05 53
1675325000480 7.5e-05 54
1675326321518 7.5e-05 55
1675327754421 7.5e-05 56
1675329075248 7.5e-05 57
1675330395545 7.5e-05 58
1675331716704 7.5e-05 59
1675333036905 7.5e-05 60
1675334357565 7.5e-05 61
1675335678441 7.5e-05 62
1675336999423 7.5e-05 63
1675338319808 7.5e-05 64
1675339749421 7.5e-05 65
1675341070328 7.5e-05 66
1675342390032 7.5e-05 67
1675343711330 7.5e-05 68
1675345032183 7.5e-05 69
1675346351449 7.5e-05 70
1675347668835 7.5e-05 71
1675348986921 7.5e-05 72
1675350305268 7.5e-05 73
1675351622271 7.5e-05 74
1675352940290 7.5e-05 75
1675354258132 7.5e-05 76
1675355576523 7.5e-05 77
1675356893977 7.5e-05 78
1675358212301 7.5e-05 79
1675359530692 7.5e-05 80
1675360848495 7.5e-05 81
1675362167572 7.5e-05 82
1675363486813 7.5e-05 83
1675364807206 7.5e-05 84
1675366125738 7.5e-05 85
1675367446236 7.5e-05 86
1675368766677 7.5e-05 87
1675370084784 7.5e-05 88
1675371404368 7.5e-05 89
1675372723110 7.5e-05 90
1675374041973 7.5e-05 91
1675375360062 7.5e-05 92
1675376678518 7.5e-05 93
1675377999236 7.5e-05 94
1675379317287 7.5e-05 95
1675380635048 7.5e-05 96
1675381953328 7.5e-05 97
1675383272153 7.5e-05 98
1675384589617 7.5e-05 99
1675385907951 7.5e-05 100
1675387226209 7.5e-05 101
1675388544820 7.5e-05 102
1675389862467 7.5e-05 103
1675391180525 7.5e-05 104
1675392499102 7.5e-05 105
1675393816918 7.5e-05 106
1675395135326 7.5e-05 107
1675396453294 7.5e-05 108
1675397771519 7.5e-05 109
1675399088968 7.5e-05 110
1675400407444 7.5e-05 111
1675401725803 7.5e-05 112
1675403042667 7.5e-05 113
1675404360631 7.5e-05 114
1675405678884 7.5e-05 115
1675406997363 7.5e-05 116
1675408314648 7.5e-05 117
1675409633005 7.5e-05 118
1675410951566 7.5e-05 119
1675412266603 7.5e-05 120
1675413578052 7.5e-05 121
1675414889684 7.5e-05 122
1675416201242 7.5e-05 123
1675417512754 7.5e-05 124
1675418824181 7.5e-05 125
1675420136234 7.5e-05 126
1675421448229 7.5e-05 127
1675422759015 7.5e-05 128
1675424070630 7.5e-05 129
1675425382679 7.5e-05 130
1675426696656 7.5e-05 131
1675428012069 7.5e-05 132
1675429328014 7.5e-05 133
1675430643240 7.5e-05 134
1675431958546 7.5e-05 135
