1675252889569 1.5556052923202515 0
1675254251767 1.0302115678787231 1
1675255614489 0.787620484828949 2
1675256960304 0.5645029544830322 3
1675258284803 0.40014615654945374 4
1675259610253 0.2879118323326111 5
1675260935265 0.2195533663034439 6
1675262260146 0.17593443393707275 7
1675263585812 0.14700186252593994 8
1675265014295 0.12651550769805908 9
1675266338718 0.11274916678667068 10
1675267664302 0.10300394147634506 11
1675268989081 0.09578917175531387 12
1675270313256 0.08938649296760559 13
1675271637351 0.08470240235328674 14
1675272961846 0.08118804544210434 15
1675274286564 0.07739783823490143 16
1675275611431 0.07458947598934174 17
1675277048740 0.07235465198755264 18
1675278374782 0.0698995441198349 19
1675279702364 0.06819196790456772 20
1675281026278 0.06634539365768433 21
1675282350028 0.06502887606620789 22
1675283677525 0.06336134672164917 23
1675285004495 0.06199805811047554 24
1675286332300 0.060835275799036026 25
1675287660292 0.05925263091921806 26
1675288987949 0.05887218192219734 27
1675290428464 0.057768143713474274 28
1675291756900 0.05692179873585701 29
1675293084244 0.0554286390542984 30
1675294407216 0.05494938790798187 31
1675295728205 0.054178375750780106 32
1675297049118 0.053493842482566833 33
1675298369916 0.053101569414138794 34
1675299690171 0.051876842975616455 35
1675301011128 0.05150789022445679 36
1675302439993 0.0510968454182148 37
1675303760718 0.05015081539750099 38
1675305080762 0.04999302700161934 39
1675306400969 0.04938666149973869 40
1675307721813 0.048472605645656586 41
1675309041558 0.048521507531404495 42
1675310362082 0.047849446535110474 43
1675311682713 0.04726118594408035 44
1675313003279 0.046886712312698364 45
1675314436066 0.04663018137216568 46
1675315756344 0.046119093894958496 47
1675317077025 0.0454934760928154 48
1675318396268 0.045159026980400085 49
1675319717106 0.04556469991803169 50
1675321037847 0.044477686285972595 51
1675322358848 0.04416230693459511 52
1675323679334 0.04399895668029785 53
1675325000480 0.04397415369749069 54
1675326321518 0.043352603912353516 55
1675327754421 0.043478697538375854 56
1675329075248 0.04269074648618698 57
1675330395545 0.04226081818342209 58
1675331716704 0.0422661192715168 59
1675333036905 0.041831716895103455 60
1675334357565 0.04182573780417442 61
1675335678441 0.041314125061035156 62
1675336999423 0.04107821360230446 63
1675338319808 0.04111279547214508 64
1675339749421 0.04063437506556511 65
1675341070328 0.040431469678878784 66
1675342390032 0.04017755389213562 67
1675343711330 0.040279462933540344 68
1675345032183 0.03973783180117607 69
1675346351449 0.0420013964176178 70
1675347668835 0.04230521619319916 71
1675348986921 0.04120492562651634 72
1675350305268 0.040704455226659775 73
1675351622271 0.04067462682723999 74
1675352940290 0.04012497887015343 75
1675354258132 0.03970256820321083 76
1675355576523 0.03951416164636612 77
1675356893977 0.039294593036174774 78
1675358212301 0.03881322219967842 79
1675359530692 0.03833151236176491 80
1675360848495 0.038078829646110535 81
1675362167572 0.037760134786367416 82
1675363486813 0.03726361319422722 83
1675364807206 0.037021853029727936 84
1675366125738 0.03668517619371414 85
1675367446236 0.037445832043886185 86
1675368766677 0.036027081310749054 87
1675370084784 0.03573635220527649 88
1675371404368 0.03567136824131012 89
1675372723110 0.035341061651706696 90
1675374041973 0.036341454833745956 91
1675375360062 0.03486722335219383 92
1675376678518 0.03484131768345833 93
1675377999236 0.034504495561122894 94
1675379317287 0.03473042696714401 95
1675380635048 0.0344853401184082 96
1675381953328 0.034012190997600555 97
1675383272153 0.03387764096260071 98
1675384589617 0.03363243117928505 99
1675385907951 0.033659372478723526 100
1675387226209 0.03332296013832092 101
1675388544820 0.03314755856990814 102
1675389862467 0.03309624642133713 103
1675391180525 0.03287944197654724 104
1675392499102 0.03325658664107323 105
1675393816918 0.032511793076992035 106
1675395135326 0.03244484215974808 107
1675396453294 0.03223683685064316 108
1675397771519 0.032192982733249664 109
1675399088968 0.03204941749572754 110
1675400407444 0.031980860978364944 111
1675401725803 0.03175285831093788 112
1675403042667 0.03161584585905075 113
1675404360631 0.03150694817304611 114
1675405678884 0.03240477666258812 115
1675406997363 0.031254563480615616 116
1675408314648 0.031129783019423485 117
1675409633005 0.031057780608534813 118
1675410951566 0.03098669834434986 119
1675412266603 0.03084580972790718 120
1675413578052 0.030769482254981995 121
1675414889684 0.03070739470422268 122
1675416201242 0.030618635937571526 123
1675417512754 0.030459154397249222 124
1675418824181 0.030482416972517967 125
1675420136234 0.030239565297961235 126
1675421448229 0.03012312576174736 127
1675422759015 0.030112843960523605 128
1675424070630 0.029918797314167023 129
1675425382679 0.02989039197564125 130
1675426696656 0.030368583276867867 131
1675428012069 0.029798202216625214 132
1675429328014 0.029546979814767838 133
1675430643240 0.02947215549647808 134
1675431958546 0.03009266033768654 135
