1675606711919 1.9375756978988647 0
1675609922533 1.787912368774414 1
1675613029859 1.7316439151763916 2
1675616249997 1.6874808073043823 3
1675619357780 1.6493864059448242 4
1675622465862 1.615575909614563 5
1675625579456 1.5869628190994263 6
1675628798960 1.5623011589050293 7
1675631913746 1.5412112474441528 8
1675635027096 1.5180869102478027 9
1675638143218 1.4982428550720215 10
1675641349441 1.4813058376312256 11
1675644465241 1.465351939201355 12
1675647579527 1.450867772102356 13
1675650784310 1.4382554292678833 14
1675653898777 1.4268749952316284 15
1675657014306 1.4177125692367554 16
1675660129671 1.4078423976898193 17
1675663334977 1.3991634845733643 18
1675666449740 1.3909610509872437 19
1675669565113 1.3842856884002686 20
1675672680696 1.3761615753173828 21
1675675884499 1.3691014051437378 22
1675679000090 1.3620859384536743 23
1675682116717 1.3559105396270752 24
1675685232664 1.3499658107757568 25
1675688437558 1.3435519933700562 26
1675691553168 1.337093710899353 27
1675694669563 1.3317184448242188 28
1675697875167 1.3268195390701294 29
1675700990749 1.3205984830856323 30
1675704105016 1.3165390491485596 31
1675707219613 1.3100439310073853 32
1675710424353 1.3059319257736206 33
1675713538372 1.3010205030441284 34
1675716655253 1.2984764575958252 35
1675719774005 1.2905726432800293 36
1675722983222 1.2887625694274902 37
1675726101807 1.2826296091079712 38
1675729221046 1.2792850732803345 39
1675732339607 1.276214361190796 40
1675735547917 1.271491527557373 41
1675738665907 1.2679824829101562 42
1675741783990 1.2635217905044556 43
1675744990591 1.2597780227661133 44
1675748108404 1.25807785987854 45
1675751224965 1.2514485120773315 46
1675754342968 1.2497705221176147 47
1675757550154 1.2453473806381226 48
1675760668980 1.2426892518997192 49
1675763786668 1.2390103340148926 50
1675766905781 1.2354713678359985 51
1675770113056 1.2332582473754883 52
1675773230932 1.229357361793518 53
1675776348156 1.228127121925354 54
1675779466717 1.2236284017562866 55
1675782673807 1.2210264205932617 56
1675785791976 1.2195216417312622 57
1675788909183 1.2154967784881592 58
1675792118446 1.2063902616500854 59
1675795235301 1.1979607343673706 60
1675798352997 1.1864352226257324 61
1675801469146 1.176830768585205 62
1675804677171 1.1651403903961182 63
1675807793192 1.1538197994232178 64
1675810908724 1.1442983150482178 65
1675814024964 1.1313872337341309 66
1675817230117 1.1226465702056885 67
1675820345844 1.1156835556030273 68
1675823460534 1.110324501991272 69
1675826576258 1.110479712486267 70
1675829780533 1.1083883047103882 71
1675832892310 1.1083977222442627 72
1675836002339 1.1065425872802734 73
1675839204077 1.1058104038238525 74
1675842313778 1.1045690774917603 75
1675845419168 1.1043424606323242 76
1675848520626 1.1035609245300293 77
1675851710174 1.1036027669906616 78
1675854813192 1.102741003036499 79
1675857914631 1.1022173166275024 80
1675861013205 1.1017177104949951 81
1675864196831 1.1006335020065308 82
1675867294147 1.1001780033111572 83
1675870392387 1.0996464490890503 84
1675873489377 1.0987558364868164 85
1675876672923 1.0987207889556885 86
1675879770611 1.0980809926986694 87
1675882877682 1.0978988409042358 88
1675886072362 1.0968976020812988 89
1675889180919 1.095426082611084 90
1675892288104 1.0964453220367432 91
1675895396656 1.0941458940505981 92
1675898592398 1.0953036546707153 93
1675901700990 1.0936224460601807 94
1675904799408 1.0947442054748535 95
1675907896988 1.0927350521087646 96
1675911080220 1.092657208442688 97
1675914178088 1.0926170349121094 98
1675917277153 1.0926122665405273 99
1675920375218 1.091222882270813 100
1675923473533 1.0916260480880737 101
1675926571604 1.090660810470581 102
1675929670515 1.0897630453109741 103
1675932856742 1.089987874031067 104
1675935954484 1.0897541046142578 105
1675939051736 1.0889087915420532 106
1675942150354 1.0883969068527222 107
1675945334676 1.0878970623016357 108
1675948433118 1.0876861810684204 109
1675951530747 1.0867137908935547 110
1675954629876 1.0863999128341675 111
1675957813228 1.0856142044067383 112
1675960911677 1.0858194828033447 113
1675964012289 1.0849690437316895 114
1675967113081 1.0848475694656372 115
1675970298783 1.0844892263412476 116
1675973400551 1.0841171741485596 117
1675976500254 1.0838054418563843 118
1675979684876 1.0830590724945068 119
1675982782049 1.08316171169281 120
1675985879756 1.081732153892517 121
1675988977193 1.0815366506576538 122
1675992160770 1.0814111232757568 123
1675995257982 1.081321120262146 124
1675998355487 1.0809030532836914 125
1676001452082 1.0806161165237427 126
1676004636053 1.0789514780044556 127
1676007732784 1.0802677869796753 128
1676010829225 1.0789622068405151 129
1676013926765 1.0781198740005493 130
1676017023715 1.0782853364944458 131
1676020121786 1.0783158540725708 132
1676023220652 1.077514886856079 133
1676026406181 1.0765900611877441 134
1676029505520 1.0766923427581787 135
1676032606222 1.0751577615737915 136
1676035706414 1.0765914916992188 137
1676038890223 1.0750024318695068 138
1676041990473 1.0752419233322144 139
1676045093873 1.0746595859527588 140
1676048191807 1.0734387636184692 141
1676051383015 1.0742148160934448 142
1676054487855 1.0727976560592651 143
1676057593979 1.0734093189239502 144
1676060698223 1.0721718072891235 145
1676063889379 1.0715336799621582 146
1676066989749 1.0713201761245728 147
1676070090859 1.0714666843414307 148
1676073276137 1.0714203119277954 149
1676076375920 1.0702909231185913 150
1676079475074 1.069543480873108 151
1676082574943 1.0698597431182861 152
1676085758665 1.069410800933838 153
1676088858134 1.0688763856887817 154
1676091956602 1.0694597959518433 155
1676095056190 1.0672410726547241 156
1676098242334 1.0678006410598755 157
1676101342279 1.0671569108963013 158
1676104441087 1.0677940845489502 159
1676107539756 1.0667060613632202 160
1676110637107 1.066082239151001 161
1676113735672 1.0661433935165405 162
1676116835538 1.0657466650009155 163
1676120019162 1.0651637315750122 164
1676123117221 1.0655980110168457 165
1676126216000 1.0641849040985107 166
1676129314216 1.06403648853302 167
1676132496416 1.0641369819641113 168
1676135595444 1.0628925561904907 169
1676138694904 1.0634788274765015 170
