1675606711919 2.917041301727295 0
1675609922533 2.4401755332946777 1
1675613029859 2.1586151123046875 2
1675616249997 1.9820634126663208 3
1675619357780 1.8734270334243774 4
1675622465862 1.8015042543411255 5
1675625579456 1.7500032186508179 6
1675628798960 1.709509015083313 7
1675631913746 1.6757826805114746 8
1675635027096 1.6433818340301514 9
1675638143218 1.6132969856262207 10
1675641349441 1.5914846658706665 11
1675644465241 1.5677400827407837 12
1675647579527 1.549994707107544 13
1675650784310 1.5327224731445312 14
1675653898777 1.5182015895843506 15
1675657014306 1.5056042671203613 16
1675660129671 1.493736982345581 17
1675663334977 1.4818933010101318 18
1675666449740 1.4718080759048462 19
1675669565113 1.4625698328018188 20
1675672680696 1.453116536140442 21
1675675884499 1.4438518285751343 22
1675679000090 1.4363077878952026 23
1675682116717 1.4274221658706665 24
1675685232664 1.421174168586731 25
1675688437558 1.4130089282989502 26
1675691553168 1.4052069187164307 27
1675694669563 1.398896336555481 28
1675697875167 1.3927929401397705 29
1675700990749 1.385059118270874 30
1675704105016 1.3815363645553589 31
1675707219613 1.3722331523895264 32
1675710424353 1.3684394359588623 33
1675713538372 1.3618583679199219 34
1675716655253 1.3592383861541748 35
1675719774005 1.3499504327774048 36
1675722983222 1.3479410409927368 37
1675726101807 1.3407261371612549 38
1675729221046 1.3367162942886353 39
1675732339607 1.333277940750122 40
1675735547917 1.3275913000106812 41
1675738665907 1.3236538171768188 42
1675741783990 1.3184618949890137 43
1675744990591 1.3144387006759644 44
1675748108404 1.3120102882385254 45
1675751224965 1.3048713207244873 46
1675754342968 1.3023802042007446 47
1675757550154 1.2975226640701294 48
1675760668980 1.2946233749389648 49
1675763786668 1.29026460647583 50
1675766905781 1.2861367464065552 51
1675770113056 1.2836289405822754 52
1675773230932 1.279353141784668 53
1675776348156 1.2777312994003296 54
1675779466717 1.2725417613983154 55
1675782673807 1.2701812982559204 56
1675785791976 1.2675565481185913 57
1675788909183 1.2637299299240112 58
1675792118446 1.253278136253357 59
1675795235301 1.2440751791000366 60
1675798352997 1.2315634489059448 61
1675801469146 1.2214977741241455 62
1675804677171 1.2084065675735474 63
1675807793192 1.1971486806869507 64
1675810908724 1.1863000392913818 65
1675814024964 1.1733989715576172 66
1675817230117 1.1637159585952759 67
1675820345844 1.1569418907165527 68
1675823460534 1.1509751081466675 69
1675826576258 1.1514347791671753 70
1675829780533 1.149137258529663 71
1675832892310 1.1492048501968384 72
1675836002339 1.1473931074142456 73
1675839204077 1.1466548442840576 74
1675842313778 1.1452629566192627 75
1675845419168 1.1450375318527222 76
1675848520626 1.1443907022476196 77
1675851710174 1.1441094875335693 78
1675854813192 1.143592357635498 79
1675857914631 1.1427470445632935 80
1675861013205 1.1423896551132202 81
1675864196831 1.141237735748291 82
1675867294147 1.140737533569336 83
1675870392387 1.1400327682495117 84
1675873489377 1.139332890510559 85
1675876672923 1.1390799283981323 86
1675879770611 1.1386871337890625 87
1675882877682 1.1381149291992188 88
1675886072362 1.1376242637634277 89
1675889180919 1.1357622146606445 90
1675892288104 1.1368131637573242 91
1675895396656 1.1344823837280273 92
1675898592398 1.135678768157959 93
1675901700990 1.1337392330169678 94
1675904799408 1.1353851556777954 95
1675907896988 1.1327241659164429 96
1675911080220 1.13320791721344 97
1675914178088 1.1325985193252563 98
1675917277153 1.1330872774124146 99
1675920375218 1.1312164068222046 100
1675923473533 1.1320816278457642 101
1675926571604 1.1305484771728516 102
1675929670515 1.1301219463348389 103
1675932856742 1.1300691366195679 104
1675935954484 1.1299636363983154 105
1675939051736 1.12906014919281 106
1675942150354 1.1286509037017822 107
1675945334676 1.1279990673065186 108
1675948433118 1.127804160118103 109
1675951530747 1.126906394958496 110
1675954629876 1.1263898611068726 111
1675957813228 1.1257405281066895 112
1675960911677 1.125813364982605 113
1675964012289 1.1250975131988525 114
1675967113081 1.1247859001159668 115
1675970298783 1.124617338180542 116
1675973400551 1.1239351034164429 117
1675976500254 1.1238417625427246 118
1675979684876 1.1227835416793823 119
1675982782049 1.1234052181243896 120
1675985879756 1.1213314533233643 121
1675988977193 1.1216731071472168 122
1675992160770 1.1212468147277832 123
1675995257982 1.121166467666626 124
1675998355487 1.1206732988357544 125
1676001452082 1.1205644607543945 126
1676004636053 1.1185128688812256 127
1676007732784 1.1204715967178345 128
1676010829225 1.1183693408966064 129
1676013926765 1.1181789636611938 130
1676017023715 1.1178009510040283 131
1676020121786 1.1182533502578735 132
1676023220652 1.1170134544372559 133
1676026406181 1.116501808166504 134
1676029505520 1.1162381172180176 135
1676032606222 1.1149168014526367 136
1676035706414 1.1162923574447632 137
1676038890223 1.114794373512268 138
1676041990473 1.1149183511734009 139
1676045093873 1.1143203973770142 140
1676048191807 1.1132361888885498 141
1676051383015 1.113717794418335 142
1676054487855 1.1126118898391724 143
1676057593979 1.112845778465271 144
1676060698223 1.111907958984375 145
1676063889379 1.1110748052597046 146
1676066989749 1.1109751462936401 147
1676070090859 1.1109293699264526 148
1676073276137 1.1109890937805176 149
1676076375920 1.1097095012664795 150
1676079475074 1.109094500541687 151
1676082574943 1.1091305017471313 152
1676085758665 1.1092346906661987 153
1676088858134 1.1081256866455078 154
1676091956602 1.1090691089630127 155
1676095056190 1.1065641641616821 156
1676098242334 1.10720956325531 157
1676101342279 1.106489896774292 158
1676104441087 1.1074256896972656 159
1676107539756 1.1057791709899902 160
1676110637107 1.1057889461517334 161
1676113735672 1.105136752128601 162
1676116835538 1.1053494215011597 163
1676120019162 1.1042530536651611 164
1676123117221 1.105128288269043 165
1676126216000 1.103259563446045 166
1676129314216 1.1034257411956787 167
1676132496416 1.1033525466918945 168
1676135595444 1.1021779775619507 169
1676138694904 1.1027854681015015 170
