1675606711919 6e-06 0
1675609922533 1.4625e-05 1
1675613029859 2.325e-05 2
1675616249997 3.1875003e-05 3
1675619357780 4.0500003e-05 4
1675622465862 4.9125003e-05 5
1675625579456 5.7750003e-05 6
1675628798960 6.6375e-05 7
1675631913746 7.5e-05 8
1675635027096 7.5e-05 9
1675638143218 7.5e-05 10
1675641349441 7.5e-05 11
1675644465241 7.5e-05 12
1675647579527 7.5e-05 13
1675650784310 7.5e-05 14
1675653898777 7.5e-05 15
1675657014306 7.5e-05 16
1675660129671 7.5e-05 17
1675663334977 7.5e-05 18
1675666449740 7.5e-05 19
1675669565113 7.5e-05 20
1675672680696 7.5e-05 21
1675675884499 7.5e-05 22
1675679000090 7.5e-05 23
1675682116717 7.5e-05 24
1675685232664 7.5e-05 25
1675688437558 7.5e-05 26
1675691553168 7.5e-05 27
1675694669563 7.5e-05 28
1675697875167 7.5e-05 29
1675700990749 7.5e-05 30
1675704105016 7.5e-05 31
1675707219613 7.5e-05 32
1675710424353 7.5e-05 33
1675713538372 7.5e-05 34
1675716655253 7.5e-05 35
1675719774005 7.5e-05 36
1675722983222 7.5e-05 37
1675726101807 7.5e-05 38
1675729221046 7.5e-05 39
1675732339607 7.5e-05 40
1675735547917 7.5e-05 41
1675738665907 7.5e-05 42
1675741783990 7.5e-05 43
1675744990591 7.5e-05 44
1675748108404 7.5e-05 45
1675751224965 7.5e-05 46
1675754342968 7.5e-05 47
1675757550154 7.5e-05 48
1675760668980 7.5e-05 49
1675763786668 7.5e-05 50
1675766905781 7.5e-05 51
1675770113056 7.5e-05 52
1675773230932 7.5e-05 53
1675776348156 7.5e-05 54
1675779466717 7.5e-05 55
1675782673807 7.5e-05 56
1675785791976 7.5e-05 57
1675788909183 7.5e-05 58
1675792118446 6.7650006e-05 59
1675795235301 6.0300004e-05 60
1675798352997 5.2950003e-05 61
1675801469146 4.5600005e-05 62
1675804677171 3.8250004e-05 63
1675807793192 3.0900002e-05 64
1675810908724 2.3550005e-05 65
1675814024964 1.6200003e-05 66
1675817230117 8.850002e-06 67
1675820345844 1.5000041e-06 68
1675823460534 1.5e-06 69
1675826576258 1.5e-06 70
1675829780533 1.5e-06 71
1675832892310 1.5e-06 72
1675836002339 1.5e-06 73
1675839204077 1.5e-06 74
1675842313778 1.5e-06 75
1675845419168 1.5e-06 76
1675848520626 1.5e-06 77
1675851710174 1.5e-06 78
1675854813192 1.5e-06 79
1675857914631 1.5e-06 80
1675861013205 1.5e-06 81
1675864196831 1.5e-06 82
1675867294147 1.5e-06 83
1675870392387 1.5e-06 84
1675873489377 1.5e-06 85
1675876672923 1.5e-06 86
1675879770611 1.5e-06 87
1675882877682 1.5e-06 88
1675886072362 1.5e-06 89
1675889180919 1.5e-06 90
1675892288104 1.5e-06 91
1675895396656 1.5e-06 92
1675898592398 1.5e-06 93
1675901700990 1.5e-06 94
1675904799408 1.5e-06 95
1675907896988 1.5e-06 96
1675911080220 1.5e-06 97
1675914178088 1.5e-06 98
1675917277153 1.5e-06 99
1675920375218 1.5e-06 100
1675923473533 1.5e-06 101
1675926571604 1.5e-06 102
1675929670515 1.5e-06 103
1675932856742 1.5e-06 104
1675935954484 1.5e-06 105
1675939051736 1.5e-06 106
1675942150354 1.5e-06 107
1675945334676 1.5e-06 108
1675948433118 1.5e-06 109
1675951530747 1.5e-06 110
1675954629876 1.5e-06 111
1675957813228 1.5e-06 112
1675960911677 1.5e-06 113
1675964012289 1.5e-06 114
1675967113081 1.5e-06 115
1675970298783 1.5e-06 116
1675973400551 1.5e-06 117
1675976500254 1.5e-06 118
1675979684876 1.5e-06 119
1675982782049 1.5e-06 120
1675985879756 1.5e-06 121
1675988977193 1.5e-06 122
1675992160770 1.5e-06 123
1675995257982 1.5e-06 124
1675998355487 1.5e-06 125
1676001452082 1.5e-06 126
1676004636053 1.5e-06 127
1676007732784 1.5e-06 128
1676010829225 1.5e-06 129
1676013926765 1.5e-06 130
1676017023715 1.5e-06 131
1676020121786 1.5e-06 132
1676023220652 1.5e-06 133
1676026406181 1.5e-06 134
1676029505520 1.5e-06 135
1676032606222 1.5e-06 136
1676035706414 1.5e-06 137
1676038890223 1.5e-06 138
1676041990473 1.5e-06 139
1676045093873 1.5e-06 140
1676048191807 1.5e-06 141
1676051383015 1.5e-06 142
1676054487855 1.5e-06 143
1676057593979 1.5e-06 144
1676060698223 1.5e-06 145
1676063889379 1.5e-06 146
1676066989749 1.5e-06 147
1676070090859 1.5e-06 148
1676073276137 1.5e-06 149
1676076375920 1.5e-06 150
1676079475074 1.5e-06 151
1676082574943 1.5e-06 152
1676085758665 1.5e-06 153
1676088858134 1.5e-06 154
1676091956602 1.5e-06 155
1676095056190 1.5e-06 156
1676098242334 1.5e-06 157
1676101342279 1.5e-06 158
1676104441087 1.5e-06 159
1676107539756 1.5e-06 160
1676110637107 1.5e-06 161
1676113735672 1.5e-06 162
1676116835538 1.5e-06 163
1676120019162 1.5e-06 164
1676123117221 1.5e-06 165
1676126216000 1.5e-06 166
1676129314216 1.5e-06 167
1676132496416 1.5e-06 168
1676135595444 1.5e-06 169
1676138694904 1.5e-06 170
