1675606711919 0.9794673919677734 0
1675609922533 0.6522653102874756 1
1675613029859 0.4269726574420929 2
1675616249997 0.2945825457572937 3
1675619357780 0.22404158115386963 4
1675622465862 0.1859290897846222 5
1675625579456 0.16304008662700653 6
1675628798960 0.14720720052719116 7
1675631913746 0.13456884026527405 8
1675635027096 0.1252932995557785 9
1675638143218 0.11505452543497086 10
1675641349441 0.11017637699842453 11
1675644465241 0.10238834470510483 12
1675647579527 0.09912637621164322 13
1675650784310 0.09446682035923004 14
1675653898777 0.09132757782936096 15
1675657014306 0.08789121359586716 16
1675660129671 0.08589387685060501 17
1675663334977 0.08273196965456009 18
1675666449740 0.08084545284509659 19
1675669565113 0.07828548550605774 20
1675672680696 0.07695536315441132 21
1675675884499 0.07474921643733978 22
1675679000090 0.07422222942113876 23
1675682116717 0.07150977104902267 24
1675685232664 0.07120723277330399 25
1675688437558 0.069455087184906 26
1675691553168 0.06811358034610748 27
1675694669563 0.06717672199010849 28
1675697875167 0.06597014516592026 29
1675700990749 0.0644623190164566 30
1675704105016 0.0649983212351799 31
1675707219613 0.0621914267539978 32
1675710424353 0.06250821053981781 33
1675713538372 0.060838550329208374 34
1675716655253 0.06076305732131004 35
1675719774005 0.05937894061207771 36
1675722983222 0.0591796413064003 37
1675726101807 0.058095455169677734 38
1675729221046 0.05743056908249855 39
1675732339607 0.057062067091464996 40
1675735547917 0.05609816685318947 41
1675738665907 0.055672094225883484 42
1675741783990 0.05494194105267525 43
1675744990591 0.0546598955988884 44
1675748108404 0.05393310263752937 45
1675751224965 0.053422197699546814 46
1675754342968 0.052608344703912735 47
1675757550154 0.05217697098851204 48
1675760668980 0.05193670466542244 49
1675763786668 0.05125640705227852 50
1675766905781 0.0506662093102932 51
1675770113056 0.0503692552447319 52
1675773230932 0.04999480023980141 53
1675776348156 0.049604468047618866 54
1675779466717 0.04891341179609299 55
1675782673807 0.049155596643686295 56
1675785791976 0.048033975064754486 57
1675788909183 0.04823203384876251 58
1675792118446 0.04688858613371849 59
1675795235301 0.046115174889564514 60
1675798352997 0.045126914978027344 61
1675801469146 0.04466754570603371 62
1675804677171 0.04326599836349487 63
1675807793192 0.04332645982503891 64
1675810908724 0.0420006588101387 65
1675814024964 0.04201161488890648 66
1675817230117 0.041067879647016525 67
1675820345844 0.04125719517469406 68
1675823460534 0.0406501442193985 69
1675826576258 0.04095594957470894 70
1675829780533 0.04074706509709358 71
1675832892310 0.040808193385601044 72
1675836002339 0.040849246084690094 73
1675839204077 0.04084482416510582 74
1675842313778 0.040693249553442 75
1675845419168 0.04069576784968376 76
1675848520626 0.04082942754030228 77
1675851710174 0.04050567373633385 78
1675854813192 0.04085269197821617 79
1675857914631 0.040528804063797 80
1675861013205 0.040672119706869125 81
1675864196831 0.04060475155711174 82
1675867294147 0.04055923968553543 83
1675870392387 0.04038536921143532 84
1675873489377 0.04057653248310089 85
1675876672923 0.04035929962992668 86
1675879770611 0.04060513526201248 87
1675882877682 0.04021534323692322 88
1675886072362 0.04072563722729683 89
1675889180919 0.040335480123758316 90
1675892288104 0.04036959260702133 91
1675895396656 0.04033548757433891 92
1675898592398 0.04037556052207947 93
1675901700990 0.04011724144220352 94
1675904799408 0.04064088314771652 95
1675907896988 0.03999040648341179 96
1675911080220 0.040552202612161636 97
1675914178088 0.039981164038181305 98
1675917277153 0.04047466441988945 99
1675920375218 0.039992500096559525 100
1675923473533 0.040456317365169525 101
1675926571604 0.03988802060484886 102
1675929670515 0.04035813361406326 103
1675932856742 0.04008065164089203 104
1675935954484 0.040210120379924774 105
1675939051736 0.04015300050377846 106
1675942150354 0.040253084152936935 107
1675945334676 0.04010140150785446 108
1675948433118 0.04011691361665726 109
1675951530747 0.04019157961010933 110
1675954629876 0.03999073803424835 111
1675957813228 0.04012548178434372 112
1675960911677 0.03999241814017296 113
1675964012289 0.04012976214289665 114
1675967113081 0.039937593042850494 115
1675970298783 0.04012696072459221 116
1675973400551 0.039817869663238525 117
1675976500254 0.04003534093499184 118
1675979684876 0.039723873138427734 119
1675982782049 0.040243349969387054 120
1675985879756 0.03959895670413971 121
1675988977193 0.04013550281524658 122
1675992160770 0.03983454406261444 123
1675995257982 0.039844807237386703 124
1675998355487 0.039769645780324936 125
1676001452082 0.03994861990213394 126
1676004636053 0.039561133831739426 127
1676007732784 0.04020361229777336 128
1676010829225 0.03940723463892937 129
1676013926765 0.040059082210063934 130
1676017023715 0.039514683187007904 131
1676020121786 0.039937932044267654 132
1676023220652 0.03949788957834244 133
1676026406181 0.03991204872727394 134
1676029505520 0.03954625502228737 135
1676032606222 0.039758242666721344 136
1676035706414 0.03970276936888695 137
1676038890223 0.0397912971675396 138
1676041990473 0.0396772101521492 139
1676045093873 0.03965944051742554 140
1676048191807 0.03979568928480148 141
1676051383015 0.0395028218626976 142
1676054487855 0.03981384262442589 143
1676057593979 0.0394362211227417 144
1676060698223 0.03973423317074776 145
1676063889379 0.039541322737932205 146
1676066989749 0.0396556556224823 147
1676070090859 0.03946179151535034 148
1676073276137 0.039567504078149796 149
1676076375920 0.039418142288923264 150
1676079475074 0.0395495779812336 151
1676082574943 0.039270225912332535 152
1676085758665 0.03982340171933174 153
1676088858134 0.039250217378139496 154
1676091956602 0.03960969299077988 155
1676095056190 0.039324503391981125 156
1676098242334 0.039409246295690536 157
1676101342279 0.039334554225206375 158
1676104441087 0.03963207080960274 159
1676107539756 0.0390736348927021 160
1676110637107 0.03970662131905556 161
1676113735672 0.03899378702044487 162
1676116835538 0.03960275650024414 163
1676120019162 0.039089567959308624 164
1676123117221 0.03952876478433609 165
1676126216000 0.03907441720366478 166
1676129314216 0.039390284568071365 167
1676132496416 0.039216578006744385 168
1676135595444 0.039285074919462204 169
1676138694904 0.039307378232479095 170
