1674632201203 2.1827852725982666 0
1674633067353 2.1646440029144287 1
1674633923959 2.1612753868103027 2
1674634773130 2.158856153488159 3
1674635623376 2.157419204711914 4
1674636473796 2.156054735183716 5
1674637318265 2.154860496520996 6
1674638166336 2.1540839672088623 7
1674639013416 2.152374505996704 8
1674639858979 2.151406764984131 9
1674640710621 2.1507797241210938 10
1674641556080 2.1493399143218994 11
1674642397207 2.1484215259552 12
1674643242066 2.1480820178985596 13
1674644088128 2.146808385848999 14
1674644940196 2.1461496353149414 15
1674645785437 2.1454355716705322 16
1674646633015 2.1447086334228516 17
1674647392130 2.144021987915039 18
1674648249704 2.1432363986968994 19
1674649129637 2.1423964500427246 20
1674649977900 2.1409616470336914 21
1674650738087 2.140577554702759 22
1674651583186 2.140195369720459 23
1674652428774 2.1393985748291016 24
1674653271415 2.138612747192383 25
