1674632201203 3.74714732170105 0
1674633067353 3.5687713623046875 1
1674633923959 3.4940526485443115 2
1674634773130 3.462397813796997 3
1674635623376 3.4362399578094482 4
1674636473796 3.4259679317474365 5
1674637318265 3.40893816947937 6
1674638166336 3.3990049362182617 7
1674639013416 3.386507272720337 8
1674639858979 3.379244804382324 9
1674640710621 3.3661861419677734 10
1674641556080 3.358203172683716 11
1674642397207 3.3554203510284424 12
1674643242066 3.3505144119262695 13
1674644088128 3.336292028427124 14
1674644940196 3.330303907394409 15
1674645785437 3.3218016624450684 16
1674646633015 3.312084674835205 17
1674647392130 3.3158199787139893 18
1674648249704 3.3035190105438232 19
1674649129637 3.301506280899048 20
1674649977900 3.286569833755493 21
1674650738087 3.2868599891662598 22
1674651583186 3.273984432220459 23
1674652428774 3.271561622619629 24
1674653271415 3.2678420543670654 25
