1674632201203 1.5643599033355713 0
1674633067353 1.4041283130645752 1
1674633923959 1.3327773809432983 2
1674634773130 1.3035407066345215 3
1674635623376 1.2788225412368774 4
1674636473796 1.2699130773544312 5
1674637318265 1.2540802955627441 6
1674638166336 1.2449206113815308 7
1674639013416 1.2341336011886597 8
1674639858979 1.227837324142456 9
1674640710621 1.215406894683838 10
1674641556080 1.2088638544082642 11
1674642397207 1.2069988250732422 12
1674643242066 1.2024304866790771 13
1674644088128 1.189481258392334 14
1674644940196 1.1841570138931274 15
1674645785437 1.1763674020767212 16
1674646633015 1.1673744916915894 17
1674647392130 1.171798586845398 18
1674648249704 1.1602824926376343 19
1674649129637 1.159111738204956 20
1674649977900 1.145608901977539 21
1674650738087 1.1462842226028442 22
1674651583186 1.1337894201278687 23
1674652428774 1.1321622133255005 24
1674653271415 1.1292266845703125 25
