1675835424519 1.9729924201965332 0
1675837003445 1.8341867923736572 1
1675838583099 1.7729065418243408 2
1675840250149 1.7364823818206787 3
1675841787771 1.6995584964752197 4
1675843324777 1.6715046167373657 5
1675844860156 1.6482746601104736 6
1675846482407 1.6319128274917603 7
1675848016930 1.6125531196594238 8
1675849551951 1.5950613021850586 9
1675851086584 1.5820263624191284 10
1675852711705 1.575755000114441 11
1675854245570 1.563372254371643 12
1675855780530 1.5537917613983154 13
1675857314026 1.5507458448410034 14
1675858934751 1.542862892150879 15
1675860467786 1.531964898109436 16
1675862001079 1.5242005586624146 17
1675863534442 1.5177644491195679 18
1675865152303 1.512526512145996 19
1675866685486 1.5069236755371094 20
1675868218681 1.5026432275772095 21
1675869751976 1.500632405281067 22
1675871370530 1.4910335540771484 23
1675872902952 1.4932175874710083 24
1675874435467 1.481221079826355 25
1675875968158 1.4837125539779663 26
1675877585946 1.4766768217086792 27
1675879118290 1.4587515592575073 28
1675880651718 1.4546571969985962 29
1675882188958 1.4535350799560547 30
1675883812288 1.45195472240448 31
1675885349242 1.4417128562927246 32
1675886886664 1.4374557733535767 33
1675888423265 1.4379830360412598 34
1675890047532 1.4310102462768555 35
1675891584001 1.4259562492370605 36
1675893120855 1.4191275835037231 37
1675894657019 1.421278715133667 38
1675896281032 1.4124960899353027 39
1675897819477 1.4081658124923706 40
1675899356893 1.4080076217651367 41
1675900893956 1.4052783250808716 42
1675902513970 1.3960016965866089 43
1675904046447 1.3933905363082886 44
1675905579223 1.3918683528900146 45
1675907111206 1.391887903213501 46
1675908730706 1.3848135471343994 47
1675910262907 1.3791873455047607 48
1675911795895 1.381316900253296 49
1675913327787 1.3787102699279785 50
1675914944936 1.3721293210983276 51
1675916477454 1.3644263744354248 52
1675918010191 1.365835428237915 53
1675919542197 1.365567684173584 54
1675921162598 1.3627159595489502 55
1675922694916 1.3563627004623413 56
1675924227834 1.3598474264144897 57
1675925758808 1.532895803451538 58
1675927290426 1.8149888515472412 59
1675928821901 1.8134286403656006 60
1675930353834 1.8137116432189941 61
1675931885127 1.811856746673584 62
1675933417261 1.8116662502288818 63
1675934949784 1.8112452030181885 64
1675936481199 1.8117839097976685 65
1675938013118 1.8093916177749634 66
1675939545290 1.8104811906814575 67
1675941076919 1.8100121021270752 68
1675942608262 1.8122044801712036 69
1675944140690 1.8088665008544922 70
1675945672934 1.809566855430603 71
1675947205738 1.8095067739486694 72
1675948737603 1.8118683099746704 73
1675950269920 1.8076941967010498 74
1675951802025 1.8094000816345215 75
1675953333922 1.8099050521850586 76
1675954865121 1.8105888366699219 77
1675956396983 1.8085451126098633 78
1675957929223 1.8086588382720947 79
1675959461248 1.8101426362991333 80
1675960993770 1.8103067874908447 81
1675962527284 1.8083115816116333 82
1675964060517 1.8089336156845093 83
1675965593374 1.8095910549163818 84
1675967126146 1.8101239204406738 85
1675968659443 1.8091762065887451 86
1675970192810 1.8080241680145264 87
1675971726090 1.8102160692214966 88
1675973258705 1.8091647624969482 89
1675974792495 1.8087635040283203 90
1675976326024 1.8083829879760742 91
1675977858970 1.810205101966858 92
1675979391511 1.8089455366134644 93
1675980924656 1.8087043762207031 94
1675982458131 1.8090702295303345 95
1675983990727 1.8101584911346436 96
1675985523911 1.808410882949829 97
1675987057241 1.8089237213134766 98
1675988590158 1.8087687492370605 99
1675990122513 1.8106921911239624 100
1675991655494 1.8078731298446655 101
1675993189126 1.808733344078064 102
1675994722649 1.8089189529418945 103
1675996255866 1.8109053373336792 104
1675997789219 1.8075878620147705 105
1675999322371 1.8085143566131592 106
1676000855530 1.8089818954467773 107
1676002388180 1.8107736110687256 108
1676003921441 1.8074716329574585 109
1676005454856 1.8085129261016846 110
1676006988320 1.8094112873077393 111
1676008520764 1.8101996183395386 112
1676010053578 1.807730793952942 113
1676011586596 1.8084443807601929 114
1676013119662 1.8093030452728271 115
1676014652447 1.8102154731750488 116
1676016186017 1.8080871105194092 117
1676017719622 1.8080657720565796 118
1676019253386 1.8100560903549194 119
1676020785768 1.8086779117584229 120
1676022319502 1.8085893392562866 121
1676023853020 1.8080980777740479 122
1676025386435 1.810227394104004 123
1676026919629 1.8086142539978027 124
1676028453847 1.8083266019821167 125
1676029988129 1.8089107275009155 126
1676031522353 1.8095141649246216 127
1676033055745 1.8085112571716309 128
1676034589569 1.8087399005889893 129
1676036123678 1.8085827827453613 130
1676037656288 1.8100507259368896 131
1676039189965 1.8075902462005615 132
1676040723217 1.808899998664856 133
1676042256610 1.808805227279663 134
1676043791119 1.8109099864959717 135
1676045324453 1.8069525957107544 136
1676046858262 1.8087373971939087 137
1676048391735 1.8082773685455322 138
1676049925568 1.810977578163147 139
1676051460594 1.8071986436843872 140
1676052995753 1.8085074424743652 141
1676054531600 1.8088817596435547 142
1676056066268 1.8103147745132446 143
1676057601573 1.807415246963501 144
1676059136804 1.8082361221313477 145
1676060671962 1.8089672327041626 146
1676062206142 1.8098026514053345 147
1676063740927 1.8081905841827393 148
1676065275576 1.807987928390503 149
1676066810228 1.8095166683197021 150
1676068343970 1.809053897857666 151
1676069878064 1.8084421157836914 152
1676071412305 1.808009147644043 153
1676072946180 1.8099696636199951 154
1676074479725 1.808815598487854 155
1676076014263 1.8080453872680664 156
1676077549007 1.8081260919570923 157
1676079083528 1.8097351789474487 158
1676080616975 1.8082740306854248 159
1676082150981 1.8087650537490845 160
1676083685124 1.808612585067749 161
1676085218263 1.8098220825195312 162
1676086753001 1.8074119091033936 163
1676088287069 1.8088122606277466 164
1676089821536 1.808454155921936 165
1676091354952 1.8107757568359375 166
1676092888927 1.8074058294296265 167
1676094422851 1.8083337545394897 168
1676095957135 1.8083492517471313 169
1676097490341 1.8108150959014893 170
1676099024813 1.8068021535873413 171
1676100558863 1.8084701299667358 172
1676102093207 1.8089748620986938 173
1676103626434 1.8097813129425049 174
1676105160246 1.8076750040054321 175
1676106693482 1.8080328702926636 176
1676108227130 1.809446930885315 177
1676109760121 1.8097175359725952 178
1676111294600 1.8076940774917603 179
1676112828253 1.8082389831542969 180
1676114363980 1.8088687658309937 181
1676115899036 1.8095685243606567 182
1676117434827 1.808418869972229 183
1676118969797 1.807562232017517 184
1676120503077 1.809845209121704 185
1676122039274 1.8086047172546387 186
1676123574506 1.8081802129745483 187
1676125109261 1.8080559968948364 188
1676126643335 1.8096617460250854 189
1676128175399 1.8084044456481934 190
1676129709276 1.8082937002182007 191
1676131242286 1.8085622787475586 192
1676132774961 1.8096781969070435 193
1676134309047 1.8080073595046997 194
1676135843140 1.808469533920288 195
1676137377121 1.8083549737930298 196
1676138911139 1.8102983236312866 197
1676140445443 1.8073508739471436 198
