1675835424519 3.0769805908203125 0
1675837003445 2.640867233276367 1
1675838583099 2.3546302318573 2
1675840250149 2.1671741008758545 3
1675841787771 2.02988862991333 4
1675843324777 1.9316843748092651 5
1675844860156 1.8638744354248047 6
1675846482407 1.8308064937591553 7
1675848016930 1.7909833192825317 8
1675849551951 1.7553213834762573 9
1675851086584 1.7317595481872559 10
1675852711705 1.7201786041259766 11
1675854245570 1.6974912881851196 12
1675855780530 1.680531620979309 13
1675857314026 1.674939751625061 14
1675858934751 1.6636004447937012 15
1675860467786 1.6462994813919067 16
1675862001079 1.6341029405593872 17
1675863534442 1.6284397840499878 18
1675865152303 1.6192114353179932 19
1675866685486 1.608629822731018 20
1675868218681 1.599607229232788 21
1675869751976 1.6009280681610107 22
1675871370530 1.5865631103515625 23
1675872902952 1.5878897905349731 24
1675874435467 1.5715614557266235 25
1675875968158 1.5757510662078857 26
1675877585946 1.565551519393921 27
1675879118290 1.5455691814422607 28
1675880651718 1.5383763313293457 29
1675882188958 1.539819359779358 30
1675883812288 1.534928798675537 31
1675885349242 1.5242524147033691 32
1675886886664 1.5162967443466187 33
1675888423265 1.5205847024917603 34
1675890047532 1.5103001594543457 35
1675891584001 1.5033771991729736 36
1675893120855 1.4941364526748657 37
1675894657019 1.5000684261322021 38
1675896281032 1.486609697341919 39
1675897819477 1.4824038743972778 40
1675899356893 1.480923056602478 41
1675900893956 1.4795732498168945 42
1675902513970 1.467267394065857 43
1675904046447 1.4638018608093262 44
1675905579223 1.462852954864502 45
1675907111206 1.4629915952682495 46
1675908730706 1.4536290168762207 47
1675910262907 1.4469764232635498 48
1675911795895 1.4500812292099 49
1675913327787 1.446859359741211 50
1675914944936 1.4389863014221191 51
1675916477454 1.4288206100463867 52
1675918010191 1.4328299760818481 53
1675919542197 1.430783748626709 54
1675921162598 1.427714467048645 55
1675922694916 1.4191958904266357 56
1675924227834 1.4248334169387817 57
1675925758808 1.5978907346725464 58
1675927290426 1.8804956674575806 59
1675928821901 1.8767668008804321 60
1675930353834 1.8787180185317993 61
1675931885127 1.8748927116394043 62
1675933417261 1.874140739440918 63
1675934949784 1.8714624643325806 64
1675936481199 1.8744761943817139 65
1675938013118 1.8688479661941528 66
1675939545290 1.869981050491333 67
1675941076919 1.868011474609375 68
1675942608262 1.8726093769073486 69
1675944140690 1.8662322759628296 70
1675945672934 1.8670400381088257 71
1675947205738 1.8656787872314453 72
1675948737603 1.8696906566619873 73
1675950269920 1.863265037536621 74
1675951802025 1.864336609840393 75
1675953333922 1.8649433851242065 76
1675954865121 1.8660831451416016 77
1675956396983 1.8616663217544556 78
1675957929223 1.8612470626831055 79
1675959461248 1.8634988069534302 80
1675960993770 1.8631774187088013 81
1675962527284 1.8603605031967163 82
1675964060517 1.8599848747253418 83
1675965593374 1.8623113632202148 84
1675967126146 1.861767053604126 85
1675968659443 1.8602219820022583 86
1675970192810 1.857973575592041 87
1675971726090 1.8621238470077515 88
1675973258705 1.8597981929779053 89
1675974792495 1.8585054874420166 90
1675976326024 1.857385277748108 91
1675977858970 1.8608115911483765 92
1675979391511 1.8575184345245361 93
1675980924656 1.8582602739334106 94
1675982458131 1.8569148778915405 95
1675983990727 1.8597235679626465 96
1675985523911 1.8558210134506226 97
1675987057241 1.856914758682251 98
1675988590158 1.85570228099823 99
1675990122513 1.8587195873260498 100
1675991655494 1.8544713258743286 101
1675993189126 1.8553576469421387 102
1675994722649 1.8547494411468506 103
1675996255866 1.8584328889846802 104
1675997789219 1.8530399799346924 105
1675999322371 1.853952169418335 106
1676000855530 1.8539445400238037 107
1676002388180 1.856433391571045 108
1676003921441 1.8518593311309814 109
1676005454856 1.8525081872940063 110
1676006988320 1.8541597127914429 111
1676008520764 1.854516863822937 112
1676010053578 1.8513973951339722 113
1676011586596 1.8511896133422852 114
1676013119662 1.8533473014831543 115
1676014652447 1.8536139726638794 116
1676016186017 1.8506388664245605 117
1676017719622 1.8499213457107544 118
1676019253386 1.8535542488098145 119
1676020785768 1.851098895072937 120
1676022319502 1.8506156206130981 121
1676023853020 1.8493986129760742 122
1676025386435 1.8526824712753296 123
1676026919629 1.8498246669769287 124
1676028453847 1.8500324487686157 125
1676029988129 1.8492932319641113 126
1676031522353 1.85072660446167 127
1676033055745 1.8489718437194824 128
1676034589569 1.8496642112731934 129
1676036123678 1.8481214046478271 130
1676037656288 1.8510446548461914 131
1676039189965 1.8473665714263916 132
1676040723217 1.8488080501556396 133
1676042256610 1.8476736545562744 134
1676043791119 1.8519247770309448 135
1676045324453 1.8453234434127808 136
1676046858262 1.848156213760376 137
1676048391735 1.8468611240386963 138
1676049925568 1.8504178524017334 139
1676051460594 1.845505952835083 140
1676052995753 1.8466618061065674 141
1676054531600 1.8474829196929932 142
1676056066268 1.848793864250183 143
1676057601573 1.8454256057739258 144
1676059136804 1.8457083702087402 145
1676060671962 1.8473576307296753 146
1676062206142 1.8476417064666748 147
1676063740927 1.8453974723815918 148
1676065275576 1.8446955680847168 149
1676066810228 1.8473689556121826 150
1676068343970 1.8458986282348633 151
1676069878064 1.845426082611084 152
1676071412305 1.8444949388504028 153
1676072946180 1.8474024534225464 154
1676074479725 1.8448750972747803 155
1676076014263 1.8445276021957397 156
1676077549007 1.8438152074813843 157
1676079083528 1.8467077016830444 158
1676080616975 1.8439372777938843 159
1676082150981 1.844831943511963 160
1676083685124 1.8437082767486572 161
1676085218263 1.8463300466537476 162
1676086753001 1.8426973819732666 163
1676088287069 1.8441554307937622 164
1676089821536 1.843359112739563 165
1676091354952 1.8469773530960083 166
1676092888927 1.8419080972671509 167
1676094422851 1.8435673713684082 168
1676095957135 1.8428168296813965 169
1676097490341 1.8461871147155762 170
1676099024813 1.8412752151489258 171
1676100558863 1.842951774597168 172
1676102093207 1.8432629108428955 173
1676103626434 1.844447135925293 174
1676105160246 1.8419053554534912 175
1676106693482 1.8417668342590332 176
1676108227130 1.8438585996627808 177
1676109760121 1.8437758684158325 178
1676111294600 1.8414287567138672 179
1676112828253 1.8414613008499146 180
1676114363980 1.8430752754211426 181
1676115899036 1.8430333137512207 182
1676117434827 1.841795563697815 183
1676118969797 1.8403023481369019 184
1676120503077 1.8439306020736694 185
1676122039274 1.8414530754089355 186
1676123574506 1.8413697481155396 187
1676125109261 1.8405849933624268 188
1676126643335 1.843369722366333 189
1676128175399 1.8407751321792603 190
1676129709276 1.8412480354309082 191
1676131242286 1.8409209251403809 192
1676132774961 1.8428590297698975 193
1676134309047 1.8401395082473755 194
1676135843140 1.8409981727600098 195
1676137377121 1.8402659893035889 196
1676138911139 1.8431545495986938 197
1676140445443 1.839255690574646 198
