1675835424519 6e-06 0
1675837003445 1.65e-05 1
1675838583099 2.7e-05 2
1675840250149 3.75e-05 3
1675841787771 4.8e-05 4
1675843324777 5.85e-05 5
1675844860156 6.9e-05 6
1675846482407 7.95e-05 7
1675848016930 9e-05 8
1675849551951 9e-05 9
1675851086584 9e-05 10
1675852711705 9e-05 11
1675854245570 9e-05 12
1675855780530 9e-05 13
1675857314026 9e-05 14
1675858934751 9e-05 15
1675860467786 9e-05 16
1675862001079 9e-05 17
1675863534442 9e-05 18
1675865152303 9e-05 19
1675866685486 9e-05 20
1675868218681 9e-05 21
1675869751976 9e-05 22
1675871370530 9e-05 23
1675872902952 9e-05 24
1675874435467 9e-05 25
1675875968158 9e-05 26
1675877585946 9e-05 27
1675879118290 9e-05 28
1675880651718 9e-05 29
1675882188958 9e-05 30
1675883812288 9e-05 31
1675885349242 9e-05 32
1675886886664 9e-05 33
1675888423265 9e-05 34
1675890047532 9e-05 35
1675891584001 9e-05 36
1675893120855 9e-05 37
1675894657019 9e-05 38
1675896281032 9e-05 39
1675897819477 9e-05 40
1675899356893 9e-05 41
1675900893956 9e-05 42
1675902513970 9e-05 43
1675904046447 9e-05 44
1675905579223 9e-05 45
1675907111206 9e-05 46
1675908730706 9e-05 47
1675910262907 9e-05 48
1675911795895 9e-05 49
1675913327787 9e-05 50
1675914944936 9e-05 51
1675916477454 9e-05 52
1675918010191 9e-05 53
1675919542197 9e-05 54
1675921162598 9e-05 55
1675922694916 9e-05 56
1675924227834 9e-05 57
1675925758808 9e-05 58
1675927290426 9e-05 59
1675928821901 9e-05 60
1675930353834 9e-05 61
1675931885127 9e-05 62
1675933417261 9e-05 63
1675934949784 9e-05 64
1675936481199 9e-05 65
1675938013118 9e-05 66
1675939545290 9e-05 67
1675941076919 9e-05 68
1675942608262 9e-05 69
1675944140690 9e-05 70
1675945672934 9e-05 71
1675947205738 9e-05 72
1675948737603 9e-05 73
1675950269920 9e-05 74
1675951802025 9e-05 75
1675953333922 9e-05 76
1675954865121 9e-05 77
1675956396983 9e-05 78
1675957929223 9e-05 79
1675959461248 9e-05 80
1675960993770 9e-05 81
1675962527284 9e-05 82
1675964060517 9e-05 83
1675965593374 9e-05 84
1675967126146 9e-05 85
1675968659443 9e-05 86
1675970192810 9e-05 87
1675971726090 9e-05 88
1675973258705 9e-05 89
1675974792495 9e-05 90
1675976326024 9e-05 91
1675977858970 9e-05 92
1675979391511 9e-05 93
1675980924656 9e-05 94
1675982458131 9e-05 95
1675983990727 9e-05 96
1675985523911 9e-05 97
1675987057241 9e-05 98
1675988590158 9e-05 99
1675990122513 9e-05 100
1675991655494 9e-05 101
1675993189126 9e-05 102
1675994722649 9e-05 103
1675996255866 9e-05 104
1675997789219 9e-05 105
1675999322371 9e-05 106
1676000855530 9e-05 107
1676002388180 9e-05 108
1676003921441 9e-05 109
1676005454856 9e-05 110
1676006988320 9e-05 111
1676008520764 9e-05 112
1676010053578 9e-05 113
1676011586596 9e-05 114
1676013119662 9e-05 115
1676014652447 9e-05 116
1676016186017 9e-05 117
1676017719622 9e-05 118
1676019253386 9e-05 119
1676020785768 9e-05 120
1676022319502 9e-05 121
1676023853020 9e-05 122
1676025386435 9e-05 123
1676026919629 9e-05 124
1676028453847 9e-05 125
1676029988129 9e-05 126
1676031522353 9e-05 127
1676033055745 9e-05 128
1676034589569 9e-05 129
1676036123678 9e-05 130
1676037656288 9e-05 131
1676039189965 9e-05 132
1676040723217 9e-05 133
1676042256610 9e-05 134
1676043791119 9e-05 135
1676045324453 9e-05 136
1676046858262 9e-05 137
1676048391735 9e-05 138
1676049925568 9e-05 139
1676051460594 9e-05 140
1676052995753 9e-05 141
1676054531600 9e-05 142
1676056066268 9e-05 143
1676057601573 9e-05 144
1676059136804 9e-05 145
1676060671962 9e-05 146
1676062206142 9e-05 147
1676063740927 9e-05 148
1676065275576 9e-05 149
1676066810228 9e-05 150
1676068343970 9e-05 151
1676069878064 9e-05 152
1676071412305 9e-05 153
1676072946180 9e-05 154
1676074479725 9e-05 155
1676076014263 9e-05 156
1676077549007 9e-05 157
1676079083528 9e-05 158
1676080616975 9e-05 159
1676082150981 9e-05 160
1676083685124 9e-05 161
1676085218263 9e-05 162
1676086753001 9e-05 163
1676088287069 9e-05 164
1676089821536 9e-05 165
1676091354952 9e-05 166
1676092888927 9e-05 167
1676094422851 9e-05 168
1676095957135 9e-05 169
1676097490341 9e-05 170
1676099024813 9e-05 171
1676100558863 9e-05 172
1676102093207 9e-05 173
1676103626434 9e-05 174
1676105160246 9e-05 175
1676106693482 9e-05 176
1676108227130 9e-05 177
1676109760121 9e-05 178
1676111294600 9e-05 179
1676112828253 9e-05 180
1676114363980 9e-05 181
1676115899036 9e-05 182
1676117434827 9e-05 183
1676118969797 9e-05 184
1676120503077 9e-05 185
1676122039274 9e-05 186
1676123574506 9e-05 187
1676125109261 9e-05 188
1676126643335 9e-05 189
1676128175399 9e-05 190
1676129709276 9e-05 191
1676131242286 9e-05 192
1676132774961 9e-05 193
1676134309047 9e-05 194
1676135843140 9e-05 195
1676137377121 9e-05 196
1676138911139 9e-05 197
1676140445443 9e-05 198
