1675835424519 1.103988766670227 0
1675837003445 0.8066787719726562 1
1675838583099 0.5817260146141052 2
1675840250149 0.43069326877593994 3
1675841787771 0.3303283154964447 4
1675843324777 0.2601807415485382 5
1675844860156 0.21559873223304749 6
1675846482407 0.19889268279075623 7
1675848016930 0.1784302294254303 8
1675849551951 0.16026070713996887 9
1675851086584 0.14973437786102295 10
1675852711705 0.1444234699010849 11
1675854245570 0.1341174840927124 12
1675855780530 0.1267407387495041 13
1675857314026 0.12419365346431732 14
1675858934751 0.12074003368616104 15
1675860467786 0.11433441191911697 16
1675862001079 0.10990265011787415 17
1675863534442 0.11067667603492737 18
1675865152303 0.10668320953845978 19
1675866685486 0.10170431435108185 20
1675868218681 0.0969638004899025 21
1675869751976 0.10029502958059311 22
1675871370530 0.09553197026252747 23
1675872902952 0.09467317909002304 24
1675874435467 0.09033965319395065 25
1675875968158 0.09204009920358658 26
1675877585946 0.08887560665607452 27
1675879118290 0.08681745082139969 28
1675880651718 0.08371890336275101 29
1675882188958 0.08628393709659576 30
1675883812288 0.0829729214310646 31
1675885349242 0.0825401246547699 32
1675886886664 0.07884006947278976 33
1675888423265 0.08260364830493927 34
1675890047532 0.07928948104381561 35
1675891584001 0.07742326706647873 36
1675893120855 0.0750095471739769 37
1675894657019 0.07879120856523514 38
1675896281032 0.07411373406648636 39
1675897819477 0.07423842698335648 40
1675899356893 0.07291471213102341 41
1675900893956 0.07429465651512146 42
1675902513970 0.07126496732234955 43
1675904046447 0.07041264325380325 44
1675905579223 0.07098514586687088 45
1675907111206 0.07110345363616943 46
1675908730706 0.06881546229124069 47
1675910262907 0.06778725236654282 48
1675911795895 0.06876420974731445 49
1675913327787 0.06814887374639511 50
1675914944936 0.06685931235551834 51
1675916477454 0.06439466774463654 52
1675918010191 0.06699444353580475 53
1675919542197 0.06521596759557724 54
1675921162598 0.06499931216239929 55
1675922694916 0.06283316761255264 56
1675924227834 0.06498688459396362 57
1675925758808 0.0649956688284874 58
1675927290426 0.06550931185483932 59
1675928821901 0.06333789229393005 60
1675930353834 0.06500837206840515 61
1675931885127 0.06303811073303223 62
1675933417261 0.062474772334098816 63
1675934949784 0.06021679565310478 64
1675936481199 0.06269145756959915 65
1675938013118 0.05945795401930809 66
1675939545290 0.059499915689229965 67
1675941076919 0.05799806863069534 68
1675942608262 0.06040584295988083 69
1675944140690 0.05736740678548813 70
1675945672934 0.057473957538604736 71
1675947205738 0.05617091804742813 72
1675948737603 0.05782323703169823 73
1675950269920 0.05556841939687729 74
1675951802025 0.05493941903114319 75
1675953333922 0.05503668263554573 76
1675954865121 0.05549279600381851 77
1675956396983 0.05312204360961914 78
1675957929223 0.05258763208985329 79
1675959461248 0.053356852382421494 80
1675960993770 0.052872125059366226 81
1675962527284 0.05204932019114494 82
1675964060517 0.05105045437812805 83
1675965593374 0.052719105035066605 84
1675967126146 0.05164487287402153 85
1675968659443 0.051045116037130356 86
1675970192810 0.04994956776499748 87
1675971726090 0.05190958455204964 88
1675973258705 0.050633419305086136 89
1675974792495 0.04974253103137016 90
1675976326024 0.04900369048118591 91
1675977858970 0.05060481280088425 92
1675979391511 0.04857480153441429 93
1675980924656 0.04955520108342171 94
1675982458131 0.047845639288425446 95
1675983990727 0.04956644028425217 96
1675985523911 0.04741030931472778 97
1675987057241 0.04799073189496994 98
1675988590158 0.04693533480167389 99
1675990122513 0.04802751541137695 100
1675991655494 0.04659975320100784 101
1675993189126 0.046624258160591125 102
1675994722649 0.04583105817437172 103
1675996255866 0.04752717167139053 104
1675997789219 0.04545546695590019 105
1675999322371 0.04543808847665787 106
1676000855530 0.04496408626437187 107
1676002388180 0.045657772570848465 108
1676003921441 0.04438745230436325 109
1676005454856 0.043993912637233734 110
1676006988320 0.04474915936589241 111
1676008520764 0.04431941360235214 112
1676010053578 0.0436650775372982 113
1676011586596 0.042744364589452744 114
1676013119662 0.04404434561729431 115
1676014652447 0.043399129062891006 116
1676016186017 0.04255262017250061 117
1676017719622 0.04185546934604645 118
1676019253386 0.04350043460726738 119
1676020785768 0.042420893907547 120
1676022319502 0.04202769696712494 121
1676023853020 0.04130174219608307 122
1676025386435 0.04245505854487419 123
1676026919629 0.04120921716094017 124
1676028453847 0.04170442745089531 125
1676029988129 0.040383730083703995 126
1676031522353 0.04120994731783867 127
1676033055745 0.04046221449971199 128
1676034589569 0.040922556072473526 129
1676036123678 0.03953723609447479 130
1676037656288 0.04099384695291519 131
1676039189965 0.0397777333855629 132
1676040723217 0.03990781679749489 133
1676042256610 0.038869716227054596 134
1676043791119 0.04101317375898361 135
1676045324453 0.038371749222278595 136
1676046858262 0.03941831737756729 137
1676048391735 0.038583457469940186 138
1676049925568 0.03944062814116478 139
1676051460594 0.038305941969156265 140
1676052995753 0.038152579218149185 141
1676054531600 0.03859877213835716 142
1676056066268 0.03848109021782875 143
1676057601573 0.03800936043262482 144
1676059136804 0.0374726802110672 145
1676060671962 0.038391560316085815 146
1676062206142 0.037840258330106735 147
1676063740927 0.037205375730991364 148
1676065275576 0.03670700639486313 149
1676066810228 0.03785119205713272 150
1676068343970 0.036843281239271164 151
1676069878064 0.03698374330997467 152
1676071412305 0.036484744399785995 153
1676072946180 0.03743456304073334 154
1676074479725 0.03606168553233147 155
1676076014263 0.036481138318777084 156
1676077549007 0.035689786076545715 157
1676079083528 0.03697321563959122 158
1676080616975 0.035662729293107986 159
1676082150981 0.036066681146621704 160
1676083685124 0.03509464114904404 161
1676085218263 0.03650913015007973 162
1676086753001 0.035284362733364105 163
1676088287069 0.035343434661626816 164
1676089821536 0.0349050797522068 165
1676091354952 0.03620168939232826 166
1676092888927 0.034502290189266205 167
1676094422851 0.03523588553071022 168
1676095957135 0.0344676673412323 169
1676097490341 0.035371094942092896 170
1676099024813 0.03447308391332626 171
1676100558863 0.034481968730688095 172
1676102093207 0.03429004177451134 173
1676103626434 0.03466656059026718 174
1676105160246 0.0342288464307785 175
1676106693482 0.03373346105217934 176
1676108227130 0.03441191464662552 177
1676109760121 0.03405787795782089 178
1676111294600 0.03373388946056366 179
1676112828253 0.03322281315922737 180
1676114363980 0.034207701683044434 181
1676115899036 0.03346433863043785 182
1676117434827 0.03337535262107849 183
1676118969797 0.03274117782711983 184
1676120503077 0.034086909145116806 185
1676122039274 0.03284887596964836 186
1676123574506 0.03318887576460838 187
1676125109261 0.0325293131172657 188
1676126643335 0.03370826318860054 189
1676128175399 0.03237051144242287 190
1676129709276 0.03295378014445305 191
1676131242286 0.032358262687921524 192
1676132774961 0.03317933529615402 193
1676134309047 0.0321323499083519 194
1676135843140 0.032528750598430634 195
1676137377121 0.03190942108631134 196
1676138911139 0.032857656478881836 197
1676140445443 0.03190330043435097 198
