1678789921267 2.1097822189331055 0
1678791601273 2.0253448486328125 1
1678793166164 1.9455150365829468 2
1678794790612 1.8678723573684692 3
1678796317402 1.7903393507003784 4
1678797929918 1.7170929908752441 5
1678799457283 1.6475614309310913 6
1678801088725 1.5835413932800293 7
1678802615576 1.5255496501922607 8
1678804242215 1.4671988487243652 9
1678805769979 1.417076826095581 10
1678807395971 1.3750985860824585 11
1678808924006 1.3342303037643433 12
1678810557613 1.3014885187149048 13
1678812084920 1.2710967063903809 14
1678813709459 1.2434866428375244 15
1678815237031 1.21774423122406 16
1678816859957 1.1980985403060913 17
1678818388871 1.174599051475525 18
1678820019910 1.1606032848358154 19
1678821548667 1.1393932104110718 20
1678823187386 1.120805025100708 21
1678824714556 1.1069093942642212 22
1678826340818 1.0943926572799683 23
1678827868582 1.0757197141647339 24
1678829503924 1.0678133964538574 25
1678831031714 1.0588445663452148 26
1678832673368 1.0432002544403076 27
1678834200844 1.0370123386383057 28
1678835825516 1.0222663879394531 29
1678837352786 1.0142078399658203 30
1678838985390 1.0056815147399902 31
1678840512968 0.9989566802978516 32
1678842151996 0.9883767366409302 33
1678843678787 0.9809415936470032 34
1678845299510 0.9757860898971558 35
1678846826681 0.9676764011383057 36
1678848463456 0.9641526937484741 37
1678849992434 0.957265317440033 38
1678851630335 0.9518136382102966 39
1678853157814 0.9415456056594849 40
1678854783493 0.9377354383468628 41
1678856310034 0.9308215379714966 42
1678857944492 0.9293795228004456 43
1678859471706 0.923690915107727 44
1678861113687 0.9184203743934631 45
1678862641890 0.912555456161499 46
1678864266981 0.9054449796676636 47
1678865793354 0.9044786691665649 48
1678867423777 0.9010826945304871 49
1678868950848 0.8943726420402527 50
1678870591077 0.8904052376747131 51
1678872118560 0.8864312171936035 52
1678873741590 0.8778252005577087 53
1678875268156 0.8776810765266418 54
1678876905723 0.8772373795509338 55
1678878432620 0.8678946495056152 56
1678880071320 0.8625689744949341 57
1678881598981 0.8580616116523743 58
1678883221432 0.8525967597961426 59
1678884748917 0.8515934348106384 60
1678886383156 0.845224142074585 61
1678887909970 0.8400191068649292 62
1678889550225 0.8383746147155762 63
1678891077835 0.8352411389350891 64
1678892700707 0.834145188331604 65
1678894228549 0.8259550333023071 66
1678895864505 0.8206878304481506 67
1678897391102 0.8157923817634583 68
1678899030917 0.8107467293739319 69
1678900558313 0.8069330453872681 70
1678902178650 0.804228663444519 71
1678903706035 0.8021432757377625 72
1678905340590 0.7988190054893494 73
1678906868265 0.7946646809577942 74
1678908506470 0.7913902401924133 75
1678910033386 0.7879455089569092 76
1678911659099 0.7850842475891113 77
1678913186607 0.7788958549499512 78
1678914821580 0.7782322764396667 79
1678916350258 0.7731906175613403 80
1678917975419 0.7717218995094299 81
1678919503030 0.7681081295013428 82
1678921176293 0.7636291980743408 83
1678922704664 0.7596257925033569 84
1678924331818 0.7561389803886414 85
1678925858732 0.755155622959137 86
1678927495873 0.753871738910675 87
1678929022006 0.7463282346725464 88
1678930660459 0.744546115398407 89
1678932187562 0.7414211630821228 90
1678933810699 0.7363574504852295 91
1678935337563 0.7366572022438049 92
1678936975674 0.7319755554199219 93
1678938502658 0.7263604998588562 94
1678940143861 0.7259430289268494 95
1678941669680 0.7218438386917114 96
1678943293119 0.720472514629364 97
1678944820324 0.7127118110656738 98
1678946460603 0.7114213705062866 99
1678947988331 0.7083647847175598 100
1678949624690 0.7053840756416321 101
1678951151653 0.7050723433494568 102
1678952794261 0.7015815377235413 103
1678954321693 0.6969133019447327 104
1678955955086 0.6952311992645264 105
1678957483040 0.688281238079071 106
1678959118801 0.691554069519043 107
1678960645233 0.6864728927612305 108
1678962283652 0.6809771656990051 109
1678963811293 0.6742558479309082 110
1678965449985 0.6741136908531189 111
1678966978257 0.6741405129432678 112
1678968505735 0.6757447719573975 113
1678970034162 0.6687051057815552 114
1678971672850 0.6641318202018738 115
1678973200979 0.6590616703033447 116
1678974838192 0.6592642664909363 117
1678976368135 0.6544766426086426 118
1678978006413 0.651219367980957 119
1678979535317 0.6493264436721802 120
1678981174795 0.6432830691337585 121
1678982702090 0.6468889713287354 122
1678984335583 0.6383761167526245 123
1678985863281 0.6413558125495911 124
1678987500565 0.6370404362678528 125
1678989028526 0.6318961381912231 126
1678990664320 0.6286678910255432 127
1678992191326 0.6195947527885437 128
1678993829013 0.6228299140930176 129
1678995356104 0.6219395399093628 130
1678996997600 0.6164640784263611 131
1678998525938 0.6145499348640442 132
1679000161582 0.6097314357757568 133
1679001690186 0.6117595434188843 134
1679003329510 0.6044601202011108 135
1679004858430 0.6017250418663025 136
1679006501381 0.5972432494163513 137
1679008029788 0.5958272218704224 138
1679009671832 0.5932901501655579 139
1679011206159 0.5905926823616028 140
1679012854461 0.5921184420585632 141
1679014387465 0.5833714008331299 142
1679016033239 0.5812683701515198 143
1679017567183 0.5808130502700806 144
1679019211088 0.579809844493866 145
1679020744863 0.5733711123466492 146
1679022389677 0.5733705759048462 147
1679023923476 0.5704142451286316 148
1679025569960 0.5646745562553406 149
1679027103065 0.5694075226783752 150
1679028747859 0.5583480000495911 151
1679030281802 0.5596721172332764 152
1679031814575 0.5592713952064514 153
1679033348647 0.5572981238365173 154
1679034996009 0.5504307746887207 155
1679036527294 1.2210198640823364 156
1679038058538 2.152920722961426 157
1679039589962 2.1329548358917236 158
1679041120400 2.1263952255249023 159
1679042652116 2.1238839626312256 160
1679044183645 2.1223037242889404 161
1679045714885 2.1215522289276123 162
1679047246479 2.121063470840454 163
1679048778057 2.1205031871795654 164
1679050308566 2.119922161102295 165
1679051840160 2.119870185852051 166
1679053372890 2.1195154190063477 167
1679054904758 2.1192731857299805 168
1679056436157 2.1189334392547607 169
1679057966762 2.1193084716796875 170
1679059498438 2.119063377380371 171
1679061029778 2.1188690662384033 172
1679062560520 2.1190690994262695 173
1679064091897 2.1187281608581543 174
1679065623613 2.1186156272888184 175
1679067154093 2.118701219558716 176
1679068685579 2.11873197555542 177
1679070216717 2.1184802055358887 178
1679071747530 2.1182658672332764 179
1679073278951 2.1187171936035156 180
1679074810469 2.1184515953063965 181
1679076340961 2.118375778198242 182
1679077872444 2.118619918823242 183
1679079403126 2.118314027786255 184
1679080934763 2.1186320781707764 185
1679082466242 2.1180412769317627 186
1679083997163 2.118572235107422 187
1679085528640 2.1183416843414307 188
1679087060469 2.118035316467285 189
1679088591648 2.118408679962158 190
1679090123588 2.118208646774292 191
1679091655053 2.118208169937134 192
1679093186220 2.118112087249756 193
1679094717831 2.1182262897491455 194
1679096249397 2.1180381774902344 195
1679097780266 2.11810040473938 196
1679099311622 2.1182587146759033 197
1679100842837 2.118046283721924 198
1679102373624 2.117920398712158 199
1679103905389 2.118433713912964 200
1679105436180 2.1182281970977783 201
1679106967605 2.118164539337158 202
1679108498723 2.117994785308838 203
1679110029385 2.118194818496704 204
1679111560686 2.1180899143218994 205
1679113092016 2.1178948879241943 206
1679114623006 2.118119478225708 207
1679116154644 2.1181821823120117 208
1679117686172 2.1178109645843506 209
1679119216804 2.1181390285491943 210
1679120748131 2.1180291175842285 211
1679122279679 2.1180150508880615 212
1679123810240 2.1178267002105713 213
1679125341724 2.1182241439819336 214
1679126873056 2.117884874343872 215
1679128403443 2.1178858280181885 216
1679129934991 2.1181600093841553 217
1679131466356 2.1178622245788574 218
1679132997019 2.117851495742798 219
1679134528297 2.1180906295776367 220
1679136058983 2.117974042892456 221
1679137590451 2.117971420288086 222
1679139122005 2.117598056793213 223
1679140652920 2.1182162761688232 224
1679142184213 2.117938280105591 225
1679143715492 2.117717981338501 226
1679145246330 2.1180036067962646 227
1679146777994 2.1178767681121826 228
1679148309705 2.117919921875 229
1679149840324 2.117804527282715 230
1679151371948 2.1181232929229736 231
1679152903358 2.1176555156707764 232
1679154433866 2.1178250312805176 233
1679155965353 2.117985248565674 234
1679157496843 2.1178224086761475 235
1679159027315 2.1176187992095947 236
