1678789921267 3.162954568862915 0
1678791601273 2.770862579345703 1
1678793166164 2.4451358318328857 2
1678794790612 2.2047784328460693 3
1678796317402 2.028043270111084 4
1678797929918 1.89811372756958 5
1678799457283 1.7954939603805542 6
1678801088725 1.7081921100616455 7
1678802615576 1.6353709697723389 8
1678804242215 1.5654586553573608 9
1678805769979 1.5068873167037964 10
1678807395971 1.4596619606018066 11
1678808924006 1.4135652780532837 12
1678810557613 1.3766896724700928 13
1678812084920 1.3440501689910889 14
1678813709459 1.3131552934646606 15
1678815237031 1.2848743200302124 16
1678816859957 1.2636362314224243 17
1678818388871 1.2382038831710815 18
1678820019910 1.2226506471633911 19
1678821548667 1.1998406648635864 20
1678823187386 1.1798335313796997 21
1678824714556 1.1642910242080688 22
1678826340818 1.1512829065322876 23
1678827868582 1.1310114860534668 24
1678829503924 1.1225332021713257 25
1678831031714 1.1126610040664673 26
1678832673368 1.095575213432312 27
1678834200844 1.0892335176467896 28
1678835825516 1.073331594467163 29
1678837352786 1.0641918182373047 30
1678838985390 1.0556117296218872 31
1678840512968 1.0476634502410889 32
1678842151996 1.0365618467330933 33
1678843678787 1.0288801193237305 34
1678845299510 1.0229448080062866 35
1678846826681 1.0141690969467163 36
1678848463456 1.0102678537368774 37
1678849992434 1.0031167268753052 38
1678851630335 0.9968323707580566 39
1678853157814 0.9864087700843811 40
1678854783493 0.9818563461303711 41
1678856310034 0.974729061126709 42
1678857944492 0.9730885624885559 43
1678859471706 0.9665821194648743 44
1678861113687 0.9611772298812866 45
1678862641890 0.9550396203994751 46
1678864266981 0.947471559047699 47
1678865793354 0.9464476108551025 48
1678867423777 0.9424923062324524 49
1678868950848 0.9358069896697998 50
1678870591077 0.9316316843032837 51
1678872118560 0.9270508885383606 52
1678873741590 0.9179292321205139 53
1678875268156 0.9178873896598816 54
1678876905723 0.917222797870636 55
1678878432620 0.9072554111480713 56
1678880071320 0.9020425081253052 57
1678881598981 0.8969810009002686 58
1678883221432 0.891472578048706 59
1678884748917 0.8904435038566589 60
1678886383156 0.8834818005561829 61
1678887909970 0.8780514597892761 62
1678889550225 0.8765134215354919 63
1678891077835 0.8727866411209106 64
1678892700707 0.8718869686126709 65
1678894228549 0.863353967666626 66
1678895864505 0.8577749729156494 67
1678897391102 0.8528630137443542 68
1678899030917 0.8474760055541992 69
1678900558313 0.8435764908790588 70
1678902178650 0.8410924077033997 71
1678903706035 0.8385816812515259 72
1678905340590 0.8348804712295532 73
1678906868265 0.831012487411499 74
1678908506470 0.8271721601486206 75
1678910033386 0.8234909176826477 76
1678911659099 0.8212953805923462 77
1678913186607 0.8143528699874878 78
1678914821580 0.8135186433792114 79
1678916350258 0.8085790872573853 80
1678917975419 0.8066816926002502 81
1678919503030 0.8032442331314087 82
1678921176293 0.7984591722488403 83
1678922704664 0.7940259575843811 84
1678924331818 0.7910714745521545 85
1678925858732 0.7894783616065979 86
1678927495873 0.7880024909973145 87
1678929022006 0.7806452512741089 88
1678930660459 0.7788313031196594 89
1678932187562 0.7753661870956421 90
1678933810699 0.770233154296875 91
1678935337563 0.7703766226768494 92
1678936975674 0.7654094696044922 93
1678938502658 0.7599336504936218 94
1678940143861 0.759337306022644 95
1678941669680 0.7549331188201904 96
1678943293119 0.7537975907325745 97
1678944820324 0.7456462383270264 98
1678946460603 0.7443181276321411 99
1678947988331 0.7414171099662781 100
1678949624690 0.7382793426513672 101
1678951151653 0.7380011677742004 102
1678952794261 0.7343591451644897 103
1678954321693 0.7292383909225464 104
1678955955086 0.7278311252593994 105
1678957483040 0.7205387949943542 106
1678959118801 0.7237051725387573 107
1678960645233 0.7188267111778259 108
1678962283652 0.7129636406898499 109
1678963811293 0.7062211632728577 110
1678965449985 0.7061493992805481 111
1678966978257 0.7059664130210876 112
1678968505735 0.7075241208076477 113
1678970034162 0.7004944086074829 114
1678971672850 0.6955363750457764 115
1678973200979 0.6905702352523804 116
1678974838192 0.6909480690956116 117
1678976368135 0.6859164834022522 118
1678978006413 0.6823742389678955 119
1678979535317 0.6806102991104126 120
1678981174795 0.6741852164268494 121
1678982702090 0.678173303604126 122
1678984335583 0.6693864464759827 123
1678985863281 0.6721643805503845 124
1678987500565 0.6684256196022034 125
1678989028526 0.6625941395759583 126
1678990664320 0.6593709588050842 127
1678992191326 0.6502149105072021 128
1678993829013 0.6532934904098511 129
1678995356104 0.6523289680480957 130
1678996997600 0.6470253467559814 131
1678998525938 0.6448255181312561 132
1679000161582 0.6400635838508606 133
1679001690186 0.6421985626220703 134
1679003329510 0.6347151398658752 135
1679004858430 0.631734311580658 136
1679006501381 0.6275304555892944 137
1679008029788 0.6257514953613281 138
1679009671832 0.6233283877372742 139
1679011206159 0.6206136345863342 140
1679012854461 0.6218674778938293 141
1679014387465 0.6131889820098877 142
1679016033239 0.6109217405319214 143
1679017567183 0.6103144288063049 144
1679019211088 0.6096349358558655 145
1679020744863 0.6027892827987671 146
1679022389677 0.6027414202690125 147
1679023923476 0.6000521779060364 148
1679025569960 0.5941147208213806 149
1679027103065 0.5987498164176941 150
1679028747859 0.5877840518951416 151
1679030281802 0.5888261795043945 152
1679031814575 0.5884370803833008 153
1679033348647 0.5867164731025696 154
1679034996009 0.5793202519416809 155
1679036527294 1.251479983329773 156
1679038058538 2.183661937713623 157
1679039589962 2.163010835647583 158
1679041120400 2.156454086303711 159
1679042652116 2.1536998748779297 160
1679044183645 2.1519017219543457 161
1679045714885 2.151200294494629 162
1679047246479 2.1504671573638916 163
1679048778057 2.1496012210845947 164
1679050308566 2.1490824222564697 165
1679051840160 2.148688554763794 166
1679053372890 2.148074150085449 167
1679054904758 2.1479740142822266 168
1679056436157 2.1471471786499023 169
1679057966762 2.1473333835601807 170
1679059498438 2.1472079753875732 171
1679061029778 2.146615505218506 172
1679062560520 2.1467580795288086 173
1679064091897 2.1463611125946045 174
1679065623613 2.145900011062622 175
1679067154093 2.1461026668548584 176
1679068685579 2.146002769470215 177
1679070216717 2.145439863204956 178
1679071747530 2.1453990936279297 179
1679073278951 2.145571231842041 180
1679074810469 2.1451799869537354 181
1679076340961 2.1451854705810547 182
1679077872444 2.1452295780181885 183
1679079403126 2.1448206901550293 184
1679080934763 2.145657539367676 185
1679082466242 2.1443734169006348 186
1679083997163 2.144768476486206 187
1679085528640 2.144730806350708 188
1679087060469 2.144166946411133 189
1679088591648 2.144517660140991 190
1679090123588 2.1443967819213867 191
1679091655053 2.144113063812256 192
1679093186220 2.144071578979492 193
1679094717831 2.1441657543182373 194
1679096249397 2.1437137126922607 195
1679097780266 2.143930673599243 196
1679099311622 2.143920421600342 197
1679100842837 2.1436338424682617 198
1679102373624 2.1435530185699463 199
1679103905389 2.1438610553741455 200
1679105436180 2.143602132797241 201
1679106967605 2.1436421871185303 202
1679108498723 2.1432783603668213 203
1679110029385 2.1433780193328857 204
1679111560686 2.1434576511383057 205
1679113092016 2.142977714538574 206
1679114623006 2.1431453227996826 207
1679116154644 2.143378496170044 208
1679117686172 2.142770528793335 209
1679119216804 2.1430437564849854 210
1679120748131 2.143040657043457 211
1679122279679 2.1427736282348633 212
1679123810240 2.1427063941955566 213
1679125341724 2.143580436706543 214
1679126873056 2.1424720287323 215
1679128403443 2.142890691757202 216
1679129934991 2.1428256034851074 217
1679131466356 2.1423826217651367 218
1679132997019 2.1425209045410156 219
1679134528297 2.1425912380218506 220
1679136058983 2.142416477203369 221
1679137590451 2.1430978775024414 222
1679139122005 2.141977548599243 223
1679140652920 2.1424708366394043 224
1679142184213 2.142460823059082 225
1679143715492 2.141972064971924 226
1679145246330 2.1422224044799805 227
1679146777994 2.1422622203826904 228
1679148309705 2.1420392990112305 229
1679149840324 2.1420435905456543 230
1679151371948 2.1423048973083496 231
1679152903358 2.141634464263916 232
1679154433866 2.1419765949249268 233
1679155965353 2.1419899463653564 234
1679157496843 2.1417365074157715 235
1679159027315 2.1416683197021484 236
