1678789921267 6e-06 0
1678791601273 1.4625e-05 1
1678793166164 2.325e-05 2
1678794790612 3.1875003e-05 3
1678796317402 4.0500003e-05 4
1678797929918 4.9125003e-05 5
1678799457283 5.7750003e-05 6
1678801088725 6.6375e-05 7
1678802615576 7.5e-05 8
1678804242215 7.5e-05 9
1678805769979 7.5e-05 10
1678807395971 7.5e-05 11
1678808924006 7.5e-05 12
1678810557613 7.5e-05 13
1678812084920 7.5e-05 14
1678813709459 7.5e-05 15
1678815237031 7.5e-05 16
1678816859957 7.5e-05 17
1678818388871 7.5e-05 18
1678820019910 7.5e-05 19
1678821548667 7.5e-05 20
1678823187386 7.5e-05 21
1678824714556 7.5e-05 22
1678826340818 7.5e-05 23
1678827868582 7.5e-05 24
1678829503924 7.5e-05 25
1678831031714 7.5e-05 26
1678832673368 7.5e-05 27
1678834200844 7.5e-05 28
1678835825516 7.5e-05 29
1678837352786 7.5e-05 30
1678838985390 7.5e-05 31
1678840512968 7.5e-05 32
1678842151996 7.5e-05 33
1678843678787 7.5e-05 34
1678845299510 7.5e-05 35
1678846826681 7.5e-05 36
1678848463456 7.5e-05 37
1678849992434 7.5e-05 38
1678851630335 7.5e-05 39
1678853157814 7.5e-05 40
1678854783493 7.5e-05 41
1678856310034 7.5e-05 42
1678857944492 7.5e-05 43
1678859471706 7.5e-05 44
1678861113687 7.5e-05 45
1678862641890 7.5e-05 46
1678864266981 7.5e-05 47
1678865793354 7.5e-05 48
1678867423777 7.5e-05 49
1678868950848 7.5e-05 50
1678870591077 7.5e-05 51
1678872118560 7.5e-05 52
1678873741590 7.5e-05 53
1678875268156 7.5e-05 54
1678876905723 7.5e-05 55
1678878432620 7.5e-05 56
1678880071320 7.5e-05 57
1678881598981 7.5e-05 58
1678883221432 7.5e-05 59
1678884748917 7.5e-05 60
1678886383156 7.5e-05 61
1678887909970 7.5e-05 62
1678889550225 7.5e-05 63
1678891077835 7.5e-05 64
1678892700707 7.5e-05 65
1678894228549 7.5e-05 66
1678895864505 7.5e-05 67
1678897391102 7.5e-05 68
1678899030917 7.5e-05 69
1678900558313 7.5e-05 70
1678902178650 7.5e-05 71
1678903706035 7.5e-05 72
1678905340590 7.5e-05 73
1678906868265 7.5e-05 74
1678908506470 7.5e-05 75
1678910033386 7.5e-05 76
1678911659099 7.5e-05 77
1678913186607 7.5e-05 78
1678914821580 7.5e-05 79
1678916350258 7.5e-05 80
1678917975419 7.5e-05 81
1678919503030 7.5e-05 82
1678921176293 7.5e-05 83
1678922704664 7.5e-05 84
1678924331818 7.5e-05 85
1678925858732 7.5e-05 86
1678927495873 7.5e-05 87
1678929022006 7.5e-05 88
1678930660459 7.5e-05 89
1678932187562 7.5e-05 90
1678933810699 7.5e-05 91
1678935337563 7.5e-05 92
1678936975674 7.5e-05 93
1678938502658 7.5e-05 94
1678940143861 7.5e-05 95
1678941669680 7.5e-05 96
1678943293119 7.5e-05 97
1678944820324 7.5e-05 98
1678946460603 7.5e-05 99
1678947988331 7.5e-05 100
1678949624690 7.5e-05 101
1678951151653 7.5e-05 102
1678952794261 7.5e-05 103
1678954321693 7.5e-05 104
1678955955086 7.5e-05 105
1678957483040 7.5e-05 106
1678959118801 7.5e-05 107
1678960645233 7.5e-05 108
1678962283652 7.5e-05 109
1678963811293 7.5e-05 110
1678965449985 7.5e-05 111
1678966978257 7.5e-05 112
1678968505735 7.5e-05 113
1678970034162 7.5e-05 114
1678971672850 7.5e-05 115
1678973200979 7.5e-05 116
1678974838192 7.5e-05 117
1678976368135 7.5e-05 118
1678978006413 7.5e-05 119
1678979535317 7.5e-05 120
1678981174795 7.5e-05 121
1678982702090 7.5e-05 122
1678984335583 7.5e-05 123
1678985863281 7.5e-05 124
1678987500565 7.5e-05 125
1678989028526 7.5e-05 126
1678990664320 7.5e-05 127
1678992191326 7.5e-05 128
1678993829013 7.5e-05 129
1678995356104 7.5e-05 130
1678996997600 7.5e-05 131
1678998525938 7.5e-05 132
1679000161582 7.5e-05 133
1679001690186 7.5e-05 134
1679003329510 7.5e-05 135
1679004858430 7.5e-05 136
1679006501381 7.5e-05 137
1679008029788 7.5e-05 138
1679009671832 7.5e-05 139
1679011206159 7.5e-05 140
1679012854461 7.5e-05 141
1679014387465 7.5e-05 142
1679016033239 7.5e-05 143
1679017567183 7.5e-05 144
1679019211088 7.5e-05 145
1679020744863 7.5e-05 146
1679022389677 7.5e-05 147
1679023923476 7.5e-05 148
1679025569960 7.5e-05 149
1679027103065 7.5e-05 150
1679028747859 7.5e-05 151
1679030281802 7.5e-05 152
1679031814575 7.5e-05 153
1679033348647 7.5e-05 154
1679034996009 7.5e-05 155
1679036527294 7.5e-05 156
1679038058538 7.5e-05 157
1679039589962 7.5e-05 158
1679041120400 7.5e-05 159
1679042652116 7.5e-05 160
1679044183645 7.5e-05 161
1679045714885 7.5e-05 162
1679047246479 7.5e-05 163
1679048778057 7.5e-05 164
1679050308566 7.5e-05 165
1679051840160 7.5e-05 166
1679053372890 7.5e-05 167
1679054904758 7.5e-05 168
1679056436157 7.5e-05 169
1679057966762 7.5e-05 170
1679059498438 7.5e-05 171
1679061029778 7.5e-05 172
1679062560520 7.5e-05 173
1679064091897 7.5e-05 174
1679065623613 7.5e-05 175
1679067154093 7.5e-05 176
1679068685579 7.5e-05 177
1679070216717 7.5e-05 178
1679071747530 7.5e-05 179
1679073278951 7.5e-05 180
1679074810469 7.5e-05 181
1679076340961 7.5e-05 182
1679077872444 7.5e-05 183
1679079403126 7.5e-05 184
1679080934763 7.5e-05 185
1679082466242 7.5e-05 186
1679083997163 7.5e-05 187
1679085528640 7.5e-05 188
1679087060469 7.5e-05 189
1679088591648 7.5e-05 190
1679090123588 7.5e-05 191
1679091655053 7.5e-05 192
1679093186220 7.5e-05 193
1679094717831 7.5e-05 194
1679096249397 7.5e-05 195
1679097780266 7.5e-05 196
1679099311622 7.5e-05 197
1679100842837 7.5e-05 198
1679102373624 7.5e-05 199
1679103905389 7.5e-05 200
1679105436180 7.5e-05 201
1679106967605 7.5e-05 202
1679108498723 7.5e-05 203
1679110029385 7.5e-05 204
1679111560686 7.5e-05 205
1679113092016 7.5e-05 206
1679114623006 7.5e-05 207
1679116154644 7.5e-05 208
1679117686172 7.5e-05 209
1679119216804 7.5e-05 210
1679120748131 7.5e-05 211
1679122279679 7.5e-05 212
1679123810240 7.5e-05 213
1679125341724 7.5e-05 214
1679126873056 7.5e-05 215
1679128403443 7.5e-05 216
1679129934991 7.5e-05 217
1679131466356 7.5e-05 218
1679132997019 7.5e-05 219
1679134528297 7.5e-05 220
1679136058983 7.5e-05 221
1679137590451 7.5e-05 222
1679139122005 7.5e-05 223
1679140652920 7.5e-05 224
1679142184213 7.5e-05 225
1679143715492 7.5e-05 226
1679145246330 7.5e-05 227
1679146777994 7.5e-05 228
1679148309705 7.5e-05 229
1679149840324 7.5e-05 230
1679151371948 7.5e-05 231
1679152903358 7.5e-05 232
1679154433866 7.5e-05 233
1679155965353 7.5e-05 234
1679157496843 7.5e-05 235
1679159027315 7.5e-05 236
