1678789921267 1.0531725883483887 0
1678791601273 0.7455177307128906 1
1678793166164 0.4996209740638733 2
1678794790612 0.3369036912918091 3
1678796317402 0.2377035766839981 4
1678797929918 0.1810215711593628 5
1678799457283 0.14793413877487183 6
1678801088725 0.12464994192123413 7
1678802615576 0.10982078313827515 8
1678804242215 0.09825874865055084 9
1678805769979 0.08981215953826904 10
1678807395971 0.08456190675497055 11
1678808924006 0.07933427393436432 12
1678810557613 0.07520078122615814 13
1678812084920 0.07295342534780502 14
1678813709459 0.06966889649629593 15
1678815237031 0.06713005900382996 16
1678816859957 0.06553804874420166 17
1678818388871 0.06360563635826111 18
1678820019910 0.06204831972718239 19
1678821548667 0.06044882908463478 20
1678823187386 0.05902829021215439 21
1678824714556 0.057381946593523026 22
1678826340818 0.056890059262514114 23
1678827868582 0.05529102683067322 24
1678829503924 0.05472036451101303 25
1678831031714 0.05381689593195915 26
1678832673368 0.052374467253685 27
1678834200844 0.05222105607390404 28
1678835825516 0.051064684987068176 29
1678837352786 0.04998432472348213 30
1678838985390 0.049929387867450714 31
1678840512968 0.04870769754052162 32
1678842151996 0.048185817897319794 33
1678843678787 0.04793933406472206 34
1678845299510 0.047159209847450256 35
1678846826681 0.04649355262517929 36
1678848463456 0.04611573368310928 37
1678849992434 0.04585178196430206 38
1678851630335 0.045019131153821945 39
1678853157814 0.04486244544386864 40
1678854783493 0.04412047937512398 41
1678856310034 0.04390741512179375 42
1678857944492 0.043709564954042435 43
1678859471706 0.04289120435714722 44
1678861113687 0.04275641217827797 45
1678862641890 0.04248356074094772 46
1678864266981 0.042027972638607025 47
1678865793354 0.041968438774347305 48
1678867423777 0.04141003265976906 49
1678868950848 0.04143519327044487 50
1678870591077 0.041227277368307114 51
1678872118560 0.04061869904398918 52
1678873741590 0.040104225277900696 53
1678875268156 0.04020651802420616 54
1678876905723 0.039985693991184235 55
1678878432620 0.03936102241277695 56
1678880071320 0.039472535252571106 57
1678881598981 0.038920290768146515 58
1678883221432 0.03887598216533661 59
1678884748917 0.0388500839471817 60
1678886383156 0.03825625777244568 61
1678887909970 0.038032304495573044 62
1678889550225 0.038139041513204575 63
1678891077835 0.0375451035797596 64
1678892700707 0.03774215281009674 65
1678894228549 0.037398021668195724 66
1678895864505 0.03708747401833534 67
1678897391102 0.03707011416554451 68
1678899030917 0.036728985607624054 69
1678900558313 0.036642905324697495 70
1678902178650 0.036864109337329865 71
1678903706035 0.036438409239053726 72
1678905340590 0.03606186807155609 73
1678906868265 0.0363471545279026 74
1678908506470 0.03578191250562668 75
1678910033386 0.035545386373996735 76
1678911659099 0.036210764199495316 77
1678913186607 0.03545737639069557 78
1678914821580 0.03528611361980438 79
1678916350258 0.035389047116041183 80
1678917975419 0.03495973348617554 81
1678919503030 0.03513554111123085 82
1678921176293 0.034830786287784576 83
1678922704664 0.03440031409263611 84
1678924331818 0.03493232652544975 85
1678925858732 0.034322451800107956 86
1678927495873 0.03413073346018791 87
1678929022006 0.034317631274461746 88
1678930660459 0.03428592160344124 89
1678932187562 0.033945515751838684 90
1678933810699 0.03387546166777611 91
1678935337563 0.03371819108724594 92
1678936975674 0.03343299776315689 93
1678938502658 0.03357331082224846 94
1678940143861 0.033394236117601395 95
1678941669680 0.03308914229273796 96
1678943293119 0.033324506133794785 97
1678944820324 0.03293474391102791 98
1678946460603 0.03289652615785599 99
1678947988331 0.03305228054523468 100
1678949624690 0.03289478272199631 101
1678951151653 0.032928675413131714 102
1678952794261 0.03277835249900818 103
1678954321693 0.03232550993561745 104
1678955955086 0.032599203288555145 105
1678957483040 0.03225710242986679 106
1678959118801 0.032151028513908386 107
1678960645233 0.03235378861427307 108
1678962283652 0.03198620676994324 109
1678963811293 0.03196577727794647 110
1678965449985 0.032035164535045624 111
1678966978257 0.03182573989033699 112
1678968505735 0.031779102981090546 113
1678970034162 0.03179014101624489 114
1678971672850 0.03140464052557945 115
1678973200979 0.03150756657123566 116
1678974838192 0.031683649867773056 117
1678976368135 0.03143927454948425 118
1678978006413 0.031155051663517952 119
1678979535317 0.03128427639603615 120
1678981174795 0.03090183436870575 121
1678982702090 0.03128410130739212 122
1678984335583 0.031010929495096207 123
1678985863281 0.030808420851826668 124
1678987500565 0.03138520196080208 125
1678989028526 0.03069770149886608 126
1678990664320 0.030703244730830193 127
1678992191326 0.03062010370194912 128
1678993829013 0.030463943257927895 129
1678995356104 0.030389614403247833 130
1678996997600 0.030560854822397232 131
1678998525938 0.030276110395789146 132
1679000161582 0.030332515016198158 133
1679001690186 0.03043905273079872 134
1679003329510 0.03025515191257 135
1679004858430 0.03000880777835846 136
1679006501381 0.030287453904747963 137
1679008029788 0.02992444857954979 138
1679009671832 0.030037902295589447 139
1679011206159 0.03002137318253517 140
1679012854461 0.02974892407655716 141
1679014387465 0.029818156734108925 142
1679016033239 0.02965383045375347 143
1679017567183 0.029501140117645264 144
1679019211088 0.02982502430677414 145
1679020744863 0.029418334364891052 146
1679022389677 0.029371345415711403 147
1679023923476 0.029637515544891357 148
1679025569960 0.029439931735396385 149
1679027103065 0.029342541471123695 150
1679028747859 0.029436906799674034 151
1679030281802 0.029154472053050995 152
1679031814575 0.0291655994951725 153
1679033348647 0.029417971149086952 154
1679034996009 0.028889181092381477 155
1679036527294 0.030460244044661522 156
1679038058538 0.030741937458515167 157
1679039589962 0.03005438670516014 158
1679041120400 0.03005894459784031 159
1679042652116 0.02981601096689701 160
1679044183645 0.02959686517715454 161
1679045714885 0.029649795964360237 162
1679047246479 0.029404446482658386 163
1679048778057 0.029098134487867355 164
1679050308566 0.029160598292946815 165
1679051840160 0.028817182406783104 166
1679053372890 0.02855752222239971 167
1679054904758 0.028701243922114372 168
1679056436157 0.028214143589138985 169
1679057966762 0.028024720028042793 170
1679059498438 0.028144145384430885 171
1679061029778 0.027748627588152885 172
1679062560520 0.02768910862505436 173
1679064091897 0.027632147073745728 174
1679065623613 0.027284355834126472 175
1679067154093 0.027400709688663483 176
1679068685579 0.027269801124930382 177
1679070216717 0.02695978246629238 178
1679071747530 0.027133209630846977 179
1679073278951 0.02685338258743286 180
1679074810469 0.026727372780442238 181
1679076340961 0.02680947445333004 182
1679077872444 0.026609452441334724 183
1679079403126 0.02650846540927887 184
1679080934763 0.027024658396840096 185
1679082466242 0.02633272297680378 186
1679083997163 0.026197388768196106 187
1679085528640 0.026390263810753822 188
1679087060469 0.026129432022571564 189
1679088591648 0.026106655597686768 190
1679090123588 0.026188476011157036 191
1679091655053 0.02590477280318737 192
1679093186220 0.025960693135857582 193
1679094717831 0.025938227772712708 194
1679096249397 0.025676313787698746 195
1679097780266 0.025830499827861786 196
1679099311622 0.025662530213594437 197
1679100842837 0.02558806724846363 198
1679102373624 0.025633787736296654 199
1679103905389 0.025426948443055153 200
1679105436180 0.0253748819231987 201
1679106967605 0.025478413328528404 202
1679108498723 0.02528378553688526 203
1679110029385 0.02518167532980442 204
1679111560686 0.02536758780479431 205
1679113092016 0.02508418634533882 206
1679114623006 0.02502492442727089 207
1679116154644 0.025195583701133728 208
1679117686172 0.024959133937954903 209
1679119216804 0.0249031875282526 210
1679120748131 0.02501121163368225 211
1679122279679 0.02475718967616558 212
1679123810240 0.024881253018975258 213
1679125341724 0.025357145816087723 214
1679126873056 0.02458648756146431 215
1679128403443 0.025004450231790543 216
1679129934991 0.02466399595141411 217
1679131466356 0.024520933628082275 218
1679132997019 0.024671519175171852 219
1679134528297 0.024499893188476562 220
1679136058983 0.024443095549941063 221
1679137590451 0.025125209242105484 222
1679139122005 0.02438083477318287 223
1679140652920 0.024256577715277672 224
1679142184213 0.024521034210920334 225
1679143715492 0.024255551397800446 226
1679145246330 0.024220049381256104 227
1679146777994 0.024385817348957062 228
1679148309705 0.02411923184990883 229
1679149840324 0.024239374324679375 230
1679151371948 0.0241819117218256 231
1679152903358 0.02397865802049637 232
1679154433866 0.024152163416147232 233
1679155965353 0.024005141109228134 234
1679157496843 0.02391490526497364 235
1679159027315 0.024045903235673904 236
