1674560537569 2.172973871231079 0
1674561389519 2.154364585876465 1
1674562238439 2.147329807281494 2
1674563089082 2.1411471366882324 3
1674563940536 2.1342532634735107 4
1674564790668 2.126948833465576 5
1674565640414 2.120466470718384 6
1674566490696 2.112513780593872 7
1674567341424 2.1070640087127686 8
1674568191318 2.102861166000366 9
1674569040403 2.0963034629821777 10
1674569893431 2.0887343883514404 11
1674570742698 2.0830016136169434 12
1674571590922 2.076554775238037 13
1674572439038 2.0707898139953613 14
1674573288026 2.065202236175537 15
1674574135771 2.0582644939422607 16
1674574983026 2.053523302078247 17
1674575830589 2.04656982421875 18
1674576680227 2.041408061981201 19
1674577530600 2.032485246658325 20
1674578379436 2.0266385078430176 21
1674579229974 2.021211624145508 22
1674580085485 2.0142972469329834 23
1674580933782 2.00726580619812 24
1674581782134 2.0013985633850098 25
1674582629757 1.9949396848678589 26
1674583478776 1.9897242784500122 27
1674584333625 1.9828400611877441 28
1674585182142 1.977676510810852 29
1674586029178 1.9713901281356812 30
1674586878481 1.9653843641281128 31
1674587726654 1.9611167907714844 32
1674588574770 1.9553359746932983 33
1674589423905 1.9515761137008667 34
1674590271245 1.9461989402770996 35
1674591120025 1.9403233528137207 36
1674591968864 1.9353257417678833 37
1674592817547 1.9306046962738037 38
1674593666192 1.9252946376800537 39
1674594515593 1.9193153381347656 40
1674595364501 1.9158504009246826 41
1674596213531 1.9098435640335083 42
1674597061271 1.9053432941436768 43
1674597909221 1.8983502388000488 44
1674598757468 1.8955368995666504 45
1674599602673 1.8900878429412842 46
1674600449925 1.8872244358062744 47
1674601298442 1.880599856376648 48
1674602147386 1.8772480487823486 49
1674602996511 1.8712201118469238 50
1674603845783 1.8667141199111938 51
1674604694290 1.8614740371704102 52
1674605454118 1.870521068572998 53
1674606302142 1.862925410270691 54
1674607150092 1.852537989616394 55
1674607999421 1.8581476211547852 56
1674608848568 1.857121229171753 57
1674609608051 1.8660098314285278 58
1674610368007 1.9284520149230957 59
1674611128195 1.9953210353851318 60
1674611888094 1.9085273742675781 61
1674612647976 1.9238815307617188 62
1674613520233 1.875311017036438 63
1674614377351 1.8759888410568237 64
1674615137047 1.8830103874206543 65
1674615897313 1.9530106782913208 66
1674616657267 2.038336753845215 67
1674617417297 2.021446466445923 68
1674618177442 1.981010913848877 69
1674618937618 1.97658371925354 70
1674619697298 1.9484907388687134 71
1674620457527 1.9766645431518555 72
1674621217432 2.0550947189331055 73
1674621977066 2.1388862133026123 74
1674622736913 2.0681145191192627 75
1674623496290 2.036472797393799 76
1674624255790 1.9949272871017456 77
1674625015628 1.964560866355896 78
1674625775634 1.952691674232483 79
1674626535503 2.103651762008667 80
1674627295463 2.0434370040893555 81
1674628056289 2.013688802719116 82
1674628815523 1.9770679473876953 83
1674629576576 1.9503531455993652 84
1674630337659 2.0474233627319336 85
