1674560537569 3.6734163761138916 0
1674561389519 3.496289014816284 1
1674562238439 3.408635139465332 2
1674563089082 3.356738567352295 3
1674563940536 3.3113553524017334 4
1674564790668 3.2654941082000732 5
1674565640414 3.234687089920044 6
1674566490696 3.188617467880249 7
1674567341424 3.152867317199707 8
1674568191318 3.1172683238983154 9
1674569040403 3.080850601196289 10
1674569893431 3.0450525283813477 11
1674570742698 3.0169944763183594 12
1674571590922 2.9912335872650146 13
1674572439038 2.9678778648376465 14
1674573288026 2.9368152618408203 15
1674574135771 2.9094631671905518 16
1674574983026 2.881296396255493 17
1674575830589 2.8502554893493652 18
1674576680227 2.8278400897979736 19
1674577530600 2.7984097003936768 20
1674578379436 2.7706127166748047 21
1674579229974 2.7448668479919434 22
1674580085485 2.715226173400879 23
1674580933782 2.6842217445373535 24
1674581782134 2.659977674484253 25
1674582629757 2.636014461517334 26
1674583478776 2.61387300491333 27
1674584333625 2.586076021194458 28
1674585182142 2.5652284622192383 29
1674586029178 2.5397684574127197 30
1674586878481 2.517157554626465 31
1674587726654 2.4987387657165527 32
1674588574770 2.479245662689209 33
1674589423905 2.461958885192871 34
1674590271245 2.442497491836548 35
1674591120025 2.4227776527404785 36
1674591968864 2.4009504318237305 37
1674592817547 2.3874049186706543 38
1674593666192 2.371420383453369 39
1674594515593 2.3543918132781982 40
1674595364501 2.3387067317962646 41
1674596213531 2.3241002559661865 42
1674597061271 2.307330369949341 43
1674597909221 2.290334463119507 44
1674598757468 2.2788851261138916 45
1674599602673 2.2661008834838867 46
1674600449925 2.254246950149536 47
1674601298442 2.240963935852051 48
1674602147386 2.2274765968322754 49
1674602996511 2.213296413421631 50
1674603845783 2.2035210132598877 51
1674604694290 2.1908042430877686 52
1674605454118 2.1970975399017334 53
1674606302142 2.1827573776245117 54
1674607150092 2.1659328937530518 55
1674607999421 2.1651527881622314 56
1674608848568 2.1580474376678467 57
1674609608051 2.163756847381592 58
1674610368007 2.2323179244995117 59
1674611128195 2.2965428829193115 60
1674611888094 2.2005650997161865 61
1674612647976 2.2138025760650635 62
1674613520233 2.15421724319458 63
1674614377351 2.150710105895996 64
1674615137047 2.155400037765503 65
1674615897313 2.2272539138793945 66
1674616657267 2.3146588802337646 67
1674617417297 2.2905004024505615 68
1674618177442 2.2439017295837402 69
1674618937618 2.2364940643310547 70
1674619697298 2.206360340118408 71
1674620457527 2.2342820167541504 72
1674621217432 2.308271884918213 73
1674621977066 2.392122268676758 74
1674622736913 2.319154739379883 75
1674623496290 2.284665107727051 76
1674624255790 2.2413411140441895 77
1674625015628 2.20746111869812 78
1674625775634 2.195655584335327 79
1674626535503 2.3464179039001465 80
1674627295463 2.2820961475372314 81
1674628056289 2.2477869987487793 82
1674628815523 2.2084991931915283 83
1674629576576 2.1806600093841553 84
1674630337659 2.2824692726135254 85
