1674560537569 5e-08 0
1674561389519 1.08e-07 1
1674562238439 1.66e-07 2
1674563089082 2.24e-07 3
1674563940536 2.82e-07 4
1674564790668 3.4e-07 5
1674565640414 3.98e-07 6
1674566490696 4.56e-07 7
1674567341424 5.14e-07 8
1674568191318 5.72e-07 9
1674569040403 6.3e-07 10
1674569893431 6.88e-07 11
1674570742698 7.46e-07 12
1674571590922 8.04e-07 13
1674572439038 8.62e-07 14
1674573288026 9.2e-07 15
1674574135771 9.78e-07 16
1674574983026 1.036e-06 17
1674575830589 1.094e-06 18
1674576680227 1.152e-06 19
1674577530600 1.21e-06 20
1674578379436 1.268e-06 21
1674579229974 1.326e-06 22
1674580085485 1.384e-06 23
1674580933782 1.442e-06 24
1674581782134 1.5e-06 25
1674582629757 1.5e-06 26
1674583478776 1.5147e-06 27
1674584333625 1.5294e-06 28
1674585182142 1.5441e-06 29
1674586029178 1.5588e-06 30
1674586878481 1.5735e-06 31
1674587726654 1.5882e-06 32
1674588574770 1.6029e-06 33
1674589423905 1.6176e-06 34
1674590271245 1.6323e-06 35
1674591120025 1.647e-06 36
1674591968864 1.6617e-06 37
1674592817547 1.6764e-06 38
1674593666192 1.6911e-06 39
1674594515593 1.7058e-06 40
1674595364501 1.7205e-06 41
1674596213531 1.7352e-06 42
1674597061271 1.7499e-06 43
1674597909221 1.7646e-06 44
1674598757468 1.7793e-06 45
1674599602673 1.794e-06 46
1674600449925 1.8087e-06 47
1674601298442 1.8234e-06 48
1674602147386 1.8381e-06 49
1674602996511 1.8528e-06 50
1674603845783 1.8675e-06 51
1674604694290 1.8822e-06 52
1674605454118 1.8969e-06 53
1674606302142 1.9116e-06 54
1674607150092 1.9263e-06 55
1674607999421 1.941e-06 56
1674608848568 1.9557e-06 57
1674609608051 1.9704e-06 58
1674610368007 1.9851e-06 59
1674611128195 1.9998e-06 60
1674611888094 2.0145e-06 61
1674612647976 2.0292e-06 62
1674613520233 2.0439e-06 63
1674614377351 2.0586e-06 64
1674615137047 2.0733e-06 65
1674615897313 2.088e-06 66
1674616657267 2.1027e-06 67
1674617417297 2.1174e-06 68
1674618177442 2.1321e-06 69
1674618937618 2.1468e-06 70
1674619697298 2.1615e-06 71
1674620457527 2.1762e-06 72
1674621217432 2.1909e-06 73
1674621977066 2.2056e-06 74
1674622736913 2.2203e-06 75
1674623496290 2.235e-06 76
1674624255790 2.2497e-06 77
1674625015628 2.2644e-06 78
1674625775634 2.2791e-06 79
1674626535503 2.2938e-06 80
1674627295463 2.3085e-06 81
1674628056289 2.3232e-06 82
1674628815523 2.3379e-06 83
1674629576576 2.3526e-06 84
1674630337659 2.3673e-06 85
