1674560537569 1.5004421472549438 0
1674561389519 1.3419255018234253 1
1674562238439 1.2613054513931274 2
1674563089082 1.2155910730361938 3
1674563940536 1.1771036386489868 4
1674564790668 1.1385446786880493 5
1674565640414 1.1142200231552124 6
1674566490696 1.076103687286377 7
1674567341424 1.0458028316497803 8
1674568191318 1.0144050121307373 9
1674569040403 0.9845471382141113 10
1674569893431 0.9563195109367371 11
1674570742698 0.9339913129806519 12
1674571590922 0.9146775007247925 13
1674572439038 0.8970878720283508 14
1674573288026 0.8716122508049011 15
1674574135771 0.8511990308761597 16
1674574983026 0.8277756571769714 17
1674575830589 0.8036894202232361 18
1674576680227 0.7864319682121277 19
1674577530600 0.7659230828285217 20
1674578379436 0.7439741492271423 21
1674579229974 0.723652184009552 22
1674580085485 0.7009273767471313 23
1674580933782 0.6769555807113647 24
1674581782134 0.6585779786109924 25
1674582629757 0.6410751342773438 26
1674583478776 0.6241492629051208 27
1674584333625 0.6032366752624512 28
1674585182142 0.5875513553619385 29
1674586029178 0.5683791041374207 30
1674586878481 0.5517746210098267 31
1674587726654 0.5376222133636475 32
1674588574770 0.5239076614379883 33
1674589423905 0.5103833079338074 34
1674590271245 0.4963020086288452 35
1674591120025 0.48245447874069214 36
1674591968864 0.46562451124191284 37
1674592817547 0.45680108666419983 38
1674593666192 0.44612425565719604 39
1674594515593 0.4350757598876953 40
1674595364501 0.4228562116622925 41
1674596213531 0.4142551124095917 42
1674597061271 0.4019884765148163 43
1674597909221 0.39198607206344604 44
1674598757468 0.3833495080471039 45
1674599602673 0.3760126829147339 46
1674600449925 0.3670218586921692 47
1674601298442 0.36036139726638794 48
1674602147386 0.35022875666618347 49
1674602996511 0.34207457304000854 50
1674603845783 0.33680805563926697 51
1674604694290 0.32932811975479126 52
1674605454118 0.32657745480537415 53
1674606302142 0.31983232498168945 54
1674607150092 0.3133944869041443 55
1674607999421 0.30700618028640747 56
1674608848568 0.3009253144264221 57
1674609608051 0.2977476119995117 58
1674610368007 0.30386626720428467 59
1674611128195 0.30122244358062744 60
1674611888094 0.2920369803905487 61
1674612647976 0.2899214029312134 62
1674613520233 0.2789052724838257 63
1674614377351 0.27472060918807983 64
1674615137047 0.2723900079727173 65
1674615897313 0.2742430865764618 66
1674616657267 0.2763232886791229 67
1674617417297 0.26905331015586853 68
1674618177442 0.26289087533950806 69
1674618937618 0.25990918278694153 70
1674619697298 0.2578710615634918 71
1674620457527 0.2576160132884979 72
1674621217432 0.25317734479904175 73
1674621977066 0.25323572754859924 74
1674622736913 0.25103864073753357 75
1674623496290 0.24819256365299225 76
1674624255790 0.2464132308959961 77
1674625015628 0.24289961159229279 78
1674625775634 0.24296292662620544 79
1674626535503 0.24276651442050934 80
1674627295463 0.23866119980812073 81
1674628056289 0.23409542441368103 82
1674628815523 0.23143130540847778 83
1674629576576 0.23030708730220795 84
1674630337659 0.23504549264907837 85
