1674632200607 2.143195629119873 0
1674633051977 2.104462146759033 1
1674633894270 2.0910484790802 2
1674634726212 2.0866003036499023 3
1674635470476 2.08461856842041 4
1674636303894 2.0805230140686035 5
1674637138566 2.078984260559082 6
1674637882220 2.0768871307373047 7
1674638626419 2.074772357940674 8
1674639459051 2.072809934616089 9
1674640293183 2.071796417236328 10
1674641124369 2.0700671672821045 11
1674641957905 2.06809139251709 12
1674642700893 2.0665605068206787 13
1674643443998 2.064426898956299 14
1674644276015 2.063284158706665 15
1674645019386 2.0602827072143555 16
1674645762503 2.0601322650909424 17
1674646597956 2.057166337966919 18
1674647427975 2.0566985607147217 19
1674648268945 2.0537326335906982 20
1674649137798 2.0531439781188965 21
1674649881189 2.0513904094696045 22
1674650624787 2.0495448112487793 23
1674651459444 2.0488650798797607 24
