1674632200607 3.811455726623535 0
1674633051977 3.6208465099334717 1
1674633894270 3.540329694747925 2
1674634726212 3.4817252159118652 3
1674635470476 3.4858920574188232 4
1674636303894 3.4726366996765137 5
1674637138566 3.4261395931243896 6
1674637882220 3.4444081783294678 7
1674638626419 3.4374122619628906 8
1674639459051 3.4091567993164062 9
1674640293183 3.383556604385376 10
1674641124369 3.383514642715454 11
1674641957905 3.340832233428955 12
1674642700893 3.365077257156372 13
1674643443998 3.3522400856018066 14
1674644276015 3.3234128952026367 15
1674645019386 3.3528518676757812 16
1674645762503 3.3299694061279297 17
1674646597956 3.318375825881958 18
1674647427975 3.3082830905914307 19
1674648268945 3.298232078552246 20
1674649137798 3.2640485763549805 21
1674649881189 3.2888500690460205 22
1674650624787 3.278022527694702 23
1674651459444 3.2619736194610596 24
