1674632200607 1.6682621240615845 0
1674633051977 1.5163846015930176 1
1674633894270 1.449282169342041 2
1674634726212 1.3951257467269897 3
1674635470476 1.4012696743011475 4
1674636303894 1.392117977142334 5
1674637138566 1.3471537828445435 6
1674637882220 1.3675199747085571 7
1674638626419 1.3626405000686646 8
1674639459051 1.3363468647003174 9
1674640293183 1.3117609024047852 10
1674641124369 1.3134474754333496 11
1674641957905 1.2727413177490234 12
1674642700893 1.2985156774520874 13
1674643443998 1.2878144979476929 14
1674644276015 1.2601287364959717 15
1674645019386 1.292569875717163 16
1674645762503 1.269836664199829 17
1674646597956 1.2612107992172241 18
1674647427975 1.2515857219696045 19
1674648268945 1.2444956302642822 20
1674649137798 1.2109081745147705 21
1674649881189 1.2374615669250488 22
1674650624787 1.228477120399475 23
1674651459444 1.213107943534851 24
