1675246314780 2.1384239196777344 0
1675247627030 1.9509782791137695 1
1675248940373 1.8292217254638672 2
1675250252621 1.7804051637649536 3
1675251557784 1.7469444274902344 4
1675252835240 1.7147555351257324 5
1675254113348 1.6953198909759521 6
1675255391764 1.6711390018463135 7
1675256670301 1.650273084640503 8
1675258047951 1.6307315826416016 9
1675259326644 1.6137361526489258 10
1675260604468 1.600466012954712 11
1675261882698 1.5915625095367432 12
1675263160953 1.5775251388549805 13
1675264438099 1.5666931867599487 14
1675265715751 1.5559825897216797 15
1675266993800 1.5470445156097412 16
1675268271488 1.5388070344924927 17
1675269654572 1.5308327674865723 18
1675270930986 1.5218238830566406 19
1675272207816 1.512538194656372 20
1675273485036 1.506340742111206 21
1675274761875 1.500491976737976 22
1675276040793 1.4902499914169312 23
1675277317250 1.4857683181762695 24
1675278595674 1.4764902591705322 25
1675279874735 1.4715861082077026 26
1675281151550 1.4670454263687134 27
1675282535915 1.4599270820617676 28
1675283813566 1.4534021615982056 29
1675285092480 1.4469531774520874 30
1675286371239 1.4430210590362549 31
1675287650088 1.4390199184417725 32
1675288927763 1.4339197874069214 33
1675290205969 1.4281471967697144 34
1675291484515 1.4234291315078735 35
1675292764192 1.4204219579696655 36
1675294154885 1.4149500131607056 37
1675295428512 1.410069465637207 38
1675296703855 1.4052704572677612 39
1675297978769 1.4026833772659302 40
1675299253552 1.4009263515472412 41
1675300527755 1.3957653045654297 42
1675301801542 1.3918688297271729 43
1675303077717 1.3867270946502686 44
1675304352216 1.3834762573242188 45
1675305735569 1.3836207389831543 46
1675307010867 1.380440354347229 47
1675308284353 1.3746998310089111 48
1675309558699 1.3696224689483643 49
1675310833235 1.3679555654525757 50
1675312107454 1.3678721189498901 51
1675313381474 1.3642843961715698 52
1675314654726 1.3606352806091309 53
1675315928870 1.3569951057434082 54
1675317202978 1.3543379306793213 55
1675318599672 1.3527029752731323 56
1675319874638 1.3493516445159912 57
1675321148491 1.3473012447357178 58
1675322423256 1.3432787656784058 59
1675323698102 1.3420099020004272 60
1675324973061 1.341065526008606 61
1675326247708 1.3373903036117554 62
1675327521176 1.332509160041809 63
1675328795919 1.3328053951263428 64
1675330185927 1.330700159072876 65
1675331460460 1.3293951749801636 66
1675332734101 1.3262344598770142 67
1675334008383 1.3197903633117676 68
1675335282844 1.3199138641357422 69
1675336557450 1.3188579082489014 70
1675337832042 1.3169199228286743 71
1675339106058 1.3152501583099365 72
1675340380291 1.3102538585662842 73
1675341764648 1.3085925579071045 74
1675343039235 1.3097790479660034 75
1675344314126 1.3060851097106934 76
1675345588337 1.3025809526443481 77
1675346863086 1.3004381656646729 78
1675348137325 1.3000050783157349 79
1675349412298 1.2996658086776733 80
1675350686898 1.2963684797286987 81
1675351961184 1.293542504310608 82
1675353235953 1.2895777225494385 83
1675354621986 1.2902522087097168 84
1675355896355 1.2897815704345703 85
1675357170923 1.2853606939315796 86
1675358444530 1.2831052541732788 87
1675359719344 1.2822966575622559 88
1675360994143 1.2808791399002075 89
1675362269119 1.281304955482483 90
1675363544328 1.279266595840454 91
1675364819452 1.275607705116272 92
1675366205689 1.2732449769973755 93
1675367480812 1.273518681526184 94
1675368756813 1.2717103958129883 95
1675370030602 1.2680991888046265 96
1675371305026 1.265061378479004 97
1675372579307 1.2652891874313354 98
1675373853381 1.2647544145584106 99
1675375127721 1.2643108367919922 100
1675376401195 1.2622036933898926 101
1675377676944 1.2588621377944946 102
1675379066103 1.2588757276535034 103
1675380340857 1.2571821212768555 104
1675381615266 1.255313754081726 105
1675382889101 1.2551521062850952 106
1675384163395 1.2513816356658936 107
1675385437607 1.2504981756210327 108
1675386712086 1.2512543201446533 109
1675387986089 1.2481160163879395 110
1675389259979 1.2466893196105957 111
1675390646084 1.244544506072998 112
1675391920706 1.2438647747039795 113
1675393195452 1.2444112300872803 114
1675394469746 1.2421385049819946 115
1675395743259 1.237980604171753 116
1675397017052 1.2375177145004272 117
1675398291240 1.2363226413726807 118
1675399565050 1.2360817193984985 119
1675400839105 1.2342435121536255 120
1675402229073 1.2314766645431519 121
1675403503038 1.2301976680755615 122
1675404778003 1.2280899286270142 123
1675406052455 1.2306407690048218 124
1675407326868 1.2287683486938477 125
1675408600285 1.225087285041809 126
1675409874843 1.2238504886627197 127
1675411149115 1.2227811813354492 128
