1675246314780 3.7747719287872314 0
1675247627030 3.051255464553833 1
1675248940373 2.662925958633423 2
1675250252621 2.439633846282959 3
1675251557784 2.2485294342041016 4
1675252835240 2.101933240890503 5
1675254113348 2.01051664352417 6
1675255391764 1.9356383085250854 7
1675256670301 1.8857229948043823 8
1675258047951 1.8357170820236206 9
1675259326644 1.795131802558899 10
1675260604468 1.7742589712142944 11
1675261882698 1.7518130540847778 12
1675263160953 1.7381163835525513 13
1675264438099 1.7156167030334473 14
1675265715751 1.6936814785003662 15
1675266993800 1.6831082105636597 16
1675268271488 1.6696128845214844 17
1675269654572 1.6630382537841797 18
1675270930986 1.6458590030670166 19
1675272207816 1.6291394233703613 20
1675273485036 1.6235154867172241 21
1675274761875 1.6158262491226196 22
1675276040793 1.6048235893249512 23
1675277317250 1.5952671766281128 24
1675278595674 1.5786696672439575 25
1675279874735 1.5772300958633423 26
1675281151550 1.5707112550735474 27
1675282535915 1.5622819662094116 28
1675283813566 1.5527126789093018 29
1675285092480 1.5402015447616577 30
1675286371239 1.5388376712799072 31
1675287650088 1.5347844362258911 32
1675288927763 1.5274959802627563 33
1675290205969 1.5176585912704468 34
1675291484515 1.5106127262115479 35
1675292764192 1.5094791650772095 36
1675294154885 1.504748821258545 37
1675295428512 1.4982649087905884 38
1675296703855 1.4890172481536865 39
1675297978769 1.485025405883789 40
1675299253552 1.4847644567489624 41
1675300527755 1.481355905532837 42
1675301801542 1.4752122163772583 43
1675303077717 1.4645531177520752 44
1675304352216 1.4627970457077026 45
1675305735569 1.46217942237854 46
1675307010867 1.4622236490249634 47
1675308284353 1.4536527395248413 48
1675309558699 1.4442825317382812 49
1675310833235 1.443134069442749 50
1675312107454 1.4439157247543335 51
1675313381474 1.4421489238739014 52
1675314654726 1.4364986419677734 53
1675315928870 1.428877830505371 54
1675317202978 1.427534818649292 55
1675318599672 1.4261934757232666 56
1675319874638 1.423701286315918 57
1675321148491 1.419699788093567 58
1675322423256 1.4106556177139282 59
1675323698102 1.4125295877456665 60
1675324973061 1.4129936695098877 61
1675326247708 1.4079413414001465 62
1675327521176 1.402429223060608 63
1675328795919 1.3985416889190674 64
1675330185927 1.3981491327285767 65
1675331460460 1.3982700109481812 66
1675332734101 1.3959051370620728 67
1675334008383 1.3852901458740234 68
1675335282844 1.3840690851211548 69
1675336557450 1.3848096132278442 70
1675337832042 1.383334994316101 71
1675339106058 1.3820619583129883 72
1675340380291 1.373374581336975 73
1675341764648 1.3712432384490967 74
1675343039235 1.373723030090332 75
1675344314126 1.372031569480896 76
1675345588337 1.3670614957809448 77
1675346863086 1.3612953424453735 78
1675348137325 1.3608880043029785 79
1675349412298 1.3613404035568237 80
1675350686898 1.361175537109375 81
1675351961184 1.3560864925384521 82
1675353235953 1.3487937450408936 83
1675354621986 1.349722146987915 84
1675355896355 1.3504714965820312 85
1675357170923 1.347780704498291 86
1675358444530 1.3430508375167847 87
1675359719344 1.3395347595214844 88
1675360994143 1.3402223587036133 89
1675362269119 1.3414027690887451 90
1675363544328 1.339078426361084 91
1675364819452 1.3348969221115112 92
1675366205689 1.3286166191101074 93
1675367480812 1.33143150806427 94
1675368756813 1.3304588794708252 95
1675370030602 1.326825499534607 96
1675371305026 1.3216742277145386 97
1675372579307 1.3206429481506348 98
1675373853381 1.320940375328064 99
1675375127721 1.3219724893569946 100
1675376401195 1.319822072982788 101
1675377676944 1.3138508796691895 102
1675379066103 1.3129053115844727 103
1675380340857 1.3128201961517334 104
1675381615266 1.3114551305770874 105
1675382889101 1.311661958694458 106
1675384163395 1.3043875694274902 107
1675385437607 1.3040616512298584 108
1675386712086 1.3043036460876465 109
1675387986089 1.304315209388733 110
1675389259979 1.301273226737976 111
1675390646084 1.2967164516448975 112
1675391920706 1.2958180904388428 113
1675393195452 1.296945571899414 114
1675394469746 1.2972688674926758 115
1675395743259 1.2911561727523804 116
1675397017052 1.2880630493164062 117
1675398291240 1.2881433963775635 118
1675399565050 1.2887625694274902 119
1675400839105 1.2876821756362915 120
1675402229073 1.283957600593567 121
1675403503038 1.279390811920166 122
1675404778003 1.2791579961776733 123
1675406052455 1.282357096672058 124
1675407326868 1.2810977697372437 125
1675408600285 1.2765837907791138 126
1675409874843 1.2718122005462646 127
1675411149115 1.2732152938842773 128
