1675246314780 5e-08 0
1675247627030 9.418751e-06 1
1675248940373 1.8787501e-05 2
1675250252621 2.8156252e-05 3
1675251557784 3.7525002e-05 4
1675252835240 4.689375e-05 5
1675254113348 5.6262503e-05 6
1675255391764 6.5631255e-05 7
1675256670301 7.5e-05 8
1675258047951 7.5e-05 9
1675259326644 7.5e-05 10
1675260604468 7.5e-05 11
1675261882698 7.5e-05 12
1675263160953 7.5e-05 13
1675264438099 7.5e-05 14
1675265715751 7.5e-05 15
1675266993800 7.5e-05 16
1675268271488 7.5e-05 17
1675269654572 7.5e-05 18
1675270930986 7.5e-05 19
1675272207816 7.5e-05 20
1675273485036 7.5e-05 21
1675274761875 7.5e-05 22
1675276040793 7.5e-05 23
1675277317250 7.5e-05 24
1675278595674 7.5e-05 25
1675279874735 7.5e-05 26
1675281151550 7.5e-05 27
1675282535915 7.5e-05 28
1675283813566 7.5e-05 29
1675285092480 7.5e-05 30
1675286371239 7.5e-05 31
1675287650088 7.5e-05 32
1675288927763 7.5e-05 33
1675290205969 7.5e-05 34
1675291484515 7.5e-05 35
1675292764192 7.5e-05 36
1675294154885 7.5e-05 37
1675295428512 7.5e-05 38
1675296703855 7.5e-05 39
1675297978769 7.5e-05 40
1675299253552 7.5e-05 41
1675300527755 7.5e-05 42
1675301801542 7.5e-05 43
1675303077717 7.5e-05 44
1675304352216 7.5e-05 45
1675305735569 7.5e-05 46
1675307010867 7.5e-05 47
1675308284353 7.5e-05 48
1675309558699 7.5e-05 49
1675310833235 7.5e-05 50
1675312107454 7.5e-05 51
1675313381474 7.5e-05 52
1675314654726 7.5e-05 53
1675315928870 7.5e-05 54
1675317202978 7.5e-05 55
1675318599672 7.5e-05 56
1675319874638 7.5e-05 57
1675321148491 7.5e-05 58
1675322423256 7.5e-05 59
1675323698102 7.5e-05 60
1675324973061 7.5e-05 61
1675326247708 7.5e-05 62
1675327521176 7.5e-05 63
1675328795919 7.5e-05 64
1675330185927 7.5e-05 65
1675331460460 7.5e-05 66
1675332734101 7.5e-05 67
1675334008383 7.5e-05 68
1675335282844 7.5e-05 69
1675336557450 7.5e-05 70
1675337832042 7.5e-05 71
1675339106058 7.5e-05 72
1675340380291 7.5e-05 73
1675341764648 7.5e-05 74
1675343039235 7.5e-05 75
1675344314126 7.5e-05 76
1675345588337 7.5e-05 77
1675346863086 7.5e-05 78
1675348137325 7.5e-05 79
1675349412298 7.5e-05 80
1675350686898 7.5e-05 81
1675351961184 7.5e-05 82
1675353235953 7.5e-05 83
1675354621986 7.5e-05 84
1675355896355 7.5e-05 85
1675357170923 7.5e-05 86
1675358444530 7.5e-05 87
1675359719344 7.5e-05 88
1675360994143 7.5e-05 89
1675362269119 7.5e-05 90
1675363544328 7.5e-05 91
1675364819452 7.5e-05 92
1675366205689 7.5e-05 93
1675367480812 7.5e-05 94
1675368756813 7.5e-05 95
1675370030602 7.5e-05 96
1675371305026 7.5e-05 97
1675372579307 7.5e-05 98
1675373853381 7.5e-05 99
1675375127721 7.5e-05 100
1675376401195 7.5e-05 101
1675377676944 7.5e-05 102
1675379066103 7.5e-05 103
1675380340857 7.5e-05 104
1675381615266 7.5e-05 105
1675382889101 7.5e-05 106
1675384163395 7.5e-05 107
1675385437607 7.5e-05 108
1675386712086 7.5e-05 109
1675387986089 7.5e-05 110
1675389259979 7.5e-05 111
1675390646084 7.5e-05 112
1675391920706 7.5e-05 113
1675393195452 7.5e-05 114
1675394469746 7.5e-05 115
1675395743259 7.5e-05 116
1675397017052 7.5e-05 117
1675398291240 7.5e-05 118
1675399565050 7.5e-05 119
1675400839105 7.5e-05 120
1675402229073 7.5e-05 121
1675403503038 7.5e-05 122
1675404778003 7.5e-05 123
1675406052455 7.5e-05 124
1675407326868 7.5e-05 125
1675408600285 7.5e-05 126
1675409874843 7.5e-05 127
1675411149115 7.5e-05 128
