1675246314780 1.6363472938537598 0
1675247627030 1.1002767086029053 1
1675248940373 0.833703339099884 2
1675250252621 0.6592279076576233 3
1675251557784 0.5015863180160522 4
1675252835240 0.38717782497406006 5
1675254113348 0.31519585847854614 6
1675255391764 0.2644999623298645 7
1675256670301 0.23544900119304657 8
1675258047951 0.2049858421087265 9
1675259326644 0.18139465153217316 10
1675260604468 0.1737940013408661 11
1675261882698 0.16024914383888245 12
1675263160953 0.16059088706970215 13
1675264438099 0.1489231139421463 14
1675265715751 0.13769906759262085 15
1675266993800 0.13606393337249756 16
1675268271488 0.13080714643001556 17
1675269654572 0.13220533728599548 18
1675270930986 0.12403636425733566 19
1675272207816 0.11660085618495941 20
1675273485036 0.1171746701002121 21
1675274761875 0.11533454805612564 22
1675276040793 0.11457233130931854 23
1675277317250 0.10949882119894028 24
1675278595674 0.10217862576246262 25
1675279874735 0.1056424230337143 26
1675281151550 0.10366629809141159 27
1675282535915 0.10235369205474854 28
1675283813566 0.09931094944477081 29
1675285092480 0.09324777871370316 30
1675286371239 0.0958152487874031 31
1675287650088 0.09576416015625 32
1675288927763 0.09357573837041855 33
1675290205969 0.08951152116060257 34
1675291484515 0.0871826559305191 35
1675292764192 0.0890585407614708 36
1675294154885 0.08980011194944382 37
1675295428512 0.08819584548473358 38
1675296703855 0.08374647051095963 39
1675297978769 0.08234354108572006 40
1675299253552 0.08383870124816895 41
1675300527755 0.08559112250804901 42
1675301801542 0.08334413170814514 43
1675303077717 0.07782673090696335 44
1675304352216 0.07932169735431671 45
1675305735569 0.07855749875307083 46
1675307010867 0.08178303390741348 47
1675308284353 0.07895257323980331 48
1675309558699 0.07465909421443939 49
1675310833235 0.07517899572849274 50
1675312107454 0.07604321092367172 51
1675313381474 0.0778648778796196 52
1675314654726 0.07586324214935303 53
1675315928870 0.07188194990158081 54
1675317202978 0.07319807261228561 55
1675318599672 0.07349206507205963 56
1675319874638 0.07434991002082825 57
1675321148491 0.07239806652069092 58
1675322423256 0.06737621873617172 59
1675323698102 0.07051926851272583 60
1675324973061 0.07192777097225189 61
1675326247708 0.07055219262838364 62
1675327521176 0.06992010772228241 63
1675328795919 0.06573653966188431 64
1675330185927 0.06744898110628128 65
1675331460460 0.06887581944465637 66
1675332734101 0.06967025250196457 67
1675334008383 0.06549958139657974 68
1675335282844 0.0641561970114708 69
1675336557450 0.06595294177532196 70
1675337832042 0.06641551852226257 71
1675339106058 0.066810742020607 72
1675340380291 0.06312020868062973 73
1675341764648 0.06265057623386383 74
1675343039235 0.06394393742084503 75
1675344314126 0.06594761461019516 76
1675345588337 0.06448071449995041 77
1675346863086 0.060857005417346954 78
1675348137325 0.06088407710194588 79
1675349412298 0.06167537719011307 80
1675350686898 0.06480798125267029 81
1675351961184 0.0625445619225502 82
1675353235953 0.05921540409326553 83
1675354621986 0.05946950614452362 84
1675355896355 0.060691408812999725 85
1675357170923 0.062419597059488297 86
1675358444530 0.05994521826505661 87
1675359719344 0.05723746120929718 88
1675360994143 0.05934286117553711 89
1675362269119 0.06009908393025398 90
1675363544328 0.059812527149915695 91
1675364819452 0.059289541095495224 92
1675366205689 0.05537175014615059 93
1675367480812 0.05791332200169563 94
1675368756813 0.05874902009963989 95
1675370030602 0.05872618779540062 96
1675371305026 0.056613437831401825 97
1675372579307 0.0553542897105217 98
1675373853381 0.05618590861558914 99
1675375127721 0.05766170099377632 100
1675376401195 0.057617317885160446 101
1675377676944 0.05498820170760155 102
1675379066103 0.054028913378715515 103
1675380340857 0.05563809722661972 104
1675381615266 0.05614110082387924 105
1675382889101 0.056508518755435944 106
1675384163395 0.05300576984882355 107
1675385437607 0.05356357991695404 108
1675386712086 0.053049564361572266 109
1675387986089 0.05619904026389122 110
1675389259979 0.05458438768982887 111
1675390646084 0.05217161029577255 112
1675391920706 0.051954567432403564 113
1675393195452 0.05253513902425766 114
1675394469746 0.05512997508049011 115
1675395743259 0.05317483842372894 116
1675397017052 0.0505453497171402 117
1675398291240 0.0518212616443634 118
1675399565050 0.05268144980072975 119
1675400839105 0.05343825742602348 120
1675402229073 0.052480798214673996 121
1675403503038 0.04919378459453583 122
1675404778003 0.05106779932975769 123
1675406052455 0.051716625690460205 124
1675407326868 0.05232899263501167 125
1675408600285 0.05149591341614723 126
1675409874843 0.04796276614069939 127
1675411149115 0.05043422803282738 128
