1676321283391 0.6465436220169067 0
1676322585516 0.6358052492141724 1
1676323815479 0.6422951221466064 2
1676325030692 0.6456018090248108 3
1676326205103 0.6527577042579651 4
1676327379263 0.6570953130722046 5
1676328553533 0.6632011532783508 6
1676329728127 0.6778571605682373 7
1676330900815 2.0107598304748535 8
1676332073133 2.1344947814941406 9
1676333245517 2.127078056335449 10
1676334417243 2.1221437454223633 11
1676335589241 2.121518135070801 12
1676336761159 2.119537830352783 13
1676337933181 2.120386838912964 14
1676339105587 2.118870496749878 15
1676340277939 2.119628667831421 16
1676341449946 2.118326187133789 17
1676342622174 2.119154214859009 18
1676343794402 2.1182751655578613 19
1676344966359 2.1194238662719727 20
1676346138259 2.118154525756836 21
1676347310170 2.1187350749969482 22
1676348482010 2.1179986000061035 23
