1676321283391 0.6790107488632202 0
1676322585516 0.6681760549545288 1
1676323815479 0.6747912168502808 2
1676325030692 0.6780092120170593 3
1676326205103 0.6852859258651733 4
1676327379263 0.6898095011711121 5
1676328553533 0.6962060332298279 6
1676329728127 0.7109878659248352 7
1676330900815 2.048628091812134 8
1676332073133 2.1695330142974854 9
1676333245517 2.1617865562438965 10
1676334417243 2.15665864944458 11
1676335589241 2.155721664428711 12
1676336761159 2.1537675857543945 13
1676337933181 2.1541929244995117 14
1676339105587 2.1526057720184326 15
1676340277939 2.1529626846313477 16
1676341449946 2.151641368865967 17
1676342622174 2.1520352363586426 18
1676343794402 2.15104341506958 19
1676344966359 2.1519558429718018 20
1676346138259 2.151221990585327 21
1676347310170 2.150547742843628 22
1676348482010 2.149994373321533 23
