1676321283391 6e-06 0
1676322585516 1.4625e-05 1
1676323815479 2.325e-05 2
1676325030692 3.1875003e-05 3
1676326205103 4.0500003e-05 4
1676327379263 4.9125003e-05 5
1676328553533 5.7750003e-05 6
1676329728127 6.6375e-05 7
1676330900815 7.5e-05 8
1676332073133 7.5e-05 9
1676333245517 7.5e-05 10
1676334417243 7.5e-05 11
1676335589241 7.5e-05 12
1676336761159 7.5e-05 13
1676337933181 7.5e-05 14
1676339105587 7.5e-05 15
1676340277939 7.5e-05 16
1676341449946 7.5e-05 17
1676342622174 7.5e-05 18
1676343794402 7.5e-05 19
1676344966359 7.5e-05 20
1676346138259 7.5e-05 21
1676347310170 7.5e-05 22
1676348482010 7.5e-05 23
