1676321283391 0.03246663510799408 0
1676322585516 0.03237103670835495 1
1676323815479 0.03249622508883476 2
1676325030692 0.03240741416811943 3
1676326205103 0.032528266310691833 4
1676327379263 0.032713793218135834 5
1676328553533 0.033005036413669586 6
1676329728127 0.033131420612335205 7
1676330900815 0.03786728158593178 8
1676332073133 0.03503689169883728 9
1676333245517 0.03470790013670921 10
1676334417243 0.03451317921280861 11
1676335589241 0.034204933792352676 12
1676336761159 0.034229326993227005 13
1676337933181 0.033808618783950806 14
1676339105587 0.033735401928424835 15
1676340277939 0.03333355858922005 16
1676341449946 0.03331071510910988 17
1676342622174 0.03288169205188751 18
1676343794402 0.03276696056127548 19
1676344966359 0.03252997249364853 20
1676346138259 0.03306872025132179 21
1676347310170 0.031811222434043884 22
1676348482010 0.03199531510472298 23
