1675434417361 2.1313493251800537 0
1675436010794 2.0491490364074707 1
1675437594701 1.9550939798355103 2
1675439145085 1.866504192352295 3
1675440695944 1.7875794172286987 4
1675442246202 1.7140657901763916 5
1675443797125 1.6448583602905273 6
1675445472136 1.5784473419189453 7
1675447022260 1.517789363861084 8
1675448572900 1.4573479890823364 9
1675450123891 1.4073904752731323 10
1675451673993 1.3619664907455444 11
1675453225131 1.3245607614517212 12
1675454775006 1.2879122495651245 13
1675456438485 1.2573683261871338 14
1675457989570 1.2316464185714722 15
1675459539924 1.2081663608551025 16
1675461092798 1.180007815361023 17
1675462644326 1.161792516708374 18
1675464195693 1.1393296718597412 19
1675465747484 1.1179498434066772 20
1675467299508 1.1060539484024048 21
1675468962109 1.0850647687911987 22
1675470513867 1.0728726387023926 23
1675472065126 1.0586602687835693 24
1675473615406 1.0457403659820557 25
1675475167159 1.0280036926269531 26
1675476717632 1.0190285444259644 27
1675478269227 1.0078221559524536 28
1675479934244 0.9986518025398254 29
1675481484200 0.9857093095779419 30
1675483036191 0.9776589870452881 31
1675484587552 0.9698083996772766 32
1675486137843 0.9612695574760437 33
1675487689255 0.9544208645820618 34
1675489240737 0.9434363842010498 35
1675490790995 0.9374006390571594 36
1675492455608 0.9299798607826233 37
1675494006440 0.9229256510734558 38
1675495556412 0.9183453917503357 39
1675497107395 0.9093935489654541 40
1675498657048 0.9032875299453735 41
1675500208067 0.896424412727356 42
1675501759112 0.890495240688324 43
1675503420359 0.88838791847229 44
1675504971025 0.8804494738578796 45
1675506522765 0.8755518198013306 46
1675508073887 0.8680534362792969 47
1675509625917 0.8622761368751526 48
1675511179205 0.8595889210700989 49
1675512732624 0.8564712405204773 50
1675514288821 0.848159670829773 51
1675515961884 0.8421633839607239 52
1675517516476 0.8397786021232605 53
1675519072135 0.8337424993515015 54
1675520624035 0.830426037311554 55
1675522178946 0.8229750990867615 56
1675523733947 0.819471001625061 57
1675525288103 0.8158162832260132 58
1675526955448 0.8046602606773376 59
1675528506628 0.7917962074279785 60
1675530058283 0.7832237482070923 61
1675531611147 0.7736566066741943 62
1675533165460 0.761012852191925 63
1675534719309 0.7537437677383423 64
1675536275604 0.7440146207809448 65
1675537831628 0.7371396422386169 66
1675539503447 0.7301411032676697 67
1675541058873 0.7270287871360779 68
1675542613202 0.7235625982284546 69
1675544164198 0.7243272662162781 70
1675545715372 0.7263901829719543 71
1675547266416 0.7242426872253418 72
1675548818482 0.7239620089530945 73
1675550483709 0.723568320274353 74
1675552034065 0.7214106917381287 75
1675553585654 0.7217150330543518 76
1675555137191 0.7217418551445007 77
1675556687828 0.7238403558731079 78
1675558239693 0.7187173366546631 79
1675559791456 0.7226420044898987 80
1675561342020 0.72242271900177 81
1675563005483 0.7207207083702087 82
1675564555989 0.7205536961555481 83
1675566108154 0.7217544913291931 84
1675567659923 0.7204424738883972 85
1675569212062 0.7180069088935852 86
1675570763885 0.7188825607299805 87
1675572316112 0.7189156413078308 88
1675573983469 0.7190424799919128 89
1675575535064 0.7183470129966736 90
1675577086764 0.7192854285240173 91
1675578637483 0.7197780609130859 92
1675580190519 0.7184088230133057 93
1675581748385 0.7186054587364197 94
1675583332902 0.7184483408927917 95
1675584927012 0.71851646900177 96
1675586685187 0.7169585227966309 97
1675588280153 0.7186167240142822 98
1675589876750 0.7195669412612915 99
1675591470619 0.7169288396835327 100
1675593065614 0.717978298664093 101
1675594662474 0.716997504234314 102
1675596256856 0.7178007364273071 103
1675597852896 0.7169110774993896 104
1675599446681 0.7167208194732666 105
1675601032348 0.7170702815055847 106
1675602590173 0.7157791256904602 107
1675604146211 0.7162982821464539 108
1675605703715 0.7165037393569946 109
1675607262741 0.716410756111145 110
1675608820664 0.7144091725349426 111
1675610556822 0.7146788835525513 112
1675612112390 0.7130874395370483 113
1675613667346 0.7161558866500854 114
1675615223273 0.7157844305038452 115
1675616778709 0.712100625038147 116
1675618333771 0.7151249647140503 117
1675619889398 0.7134458422660828 118
1675621445404 0.7135283946990967 119
1675623001564 0.7149386405944824 120
1675624560405 0.7143606543540955 121
1675626119703 0.7135893106460571 122
1675627677330 0.7153952121734619 123
1675629236223 0.7139345407485962 124
1675630794089 0.7125183343887329 125
1675632353163 0.7139628529548645 126
1675634020824 0.7130920886993408 127
1675635578590 0.7134853005409241 128
1675637137199 0.7134798765182495 129
1675638696037 0.7116020321846008 130
1675640253613 0.713373064994812 131
1675641812345 0.7117217779159546 132
1675643371414 0.710626482963562 133
1675644928800 0.714150071144104 134
1675646487562 0.7097038626670837 135
1675648046601 0.7112268209457397 136
1675649604260 0.7139241695404053 137
1675651163897 0.7122843861579895 138
1675652721994 0.7100600600242615 139
1675654280932 0.7105963826179504 140
1675655840005 0.7136024236679077 141
1675657486356 0.7098146677017212 142
1675659044867 0.7111859321594238 143
1675660603390 0.7121692895889282 144
1675662160621 0.7126521468162537 145
1675663719200 0.7112281918525696 146
1675665277887 0.7097758650779724 147
1675666835644 0.7132055759429932 148
1675668394080 0.710475742816925 149
1675669952893 0.7105274796485901 150
1675671510515 0.7099162340164185 151
1675673068873 0.7078542113304138 152
1675674625778 0.7107211351394653 153
1675676184346 0.7099971771240234 154
1675677743091 0.7092934250831604 155
1675679300369 0.7077449560165405 156
1675680859054 0.7076500654220581 157
1675682417835 0.7101741433143616 158
1675683975589 0.7108904719352722 159
1675685534168 0.7087926864624023 160
1675687092977 0.7080391049385071 161
1675688651446 0.7084925770759583 162
1675690210347 0.7088311910629272 163
1675691769744 0.7083113193511963 164
1675693327571 0.7102348804473877 165
1675694886243 0.7080355286598206 166
1675696444285 0.7066954970359802 167
1675698002727 0.7075190544128418 168
1675699560877 0.7074211239814758 169
1675701118402 0.7059062719345093 170
1675702677141 0.7065626978874207 171
1675704322117 0.7063268423080444 172
1675705879173 0.7084733843803406 173
1675707437496 0.7060975432395935 174
1675708995633 0.70768141746521 175
1675710552614 0.7099177837371826 176
1675712110751 0.7042558193206787 177
1675713668731 0.7089158296585083 178
1675715225602 0.7065468430519104 179
1675716785244 0.7084859013557434 180
1675718344332 0.7056368589401245 181
1675719904784 0.7061322331428528 182
1675721464587 0.7071453928947449 183
1675723024168 0.7058127522468567 184
1675724584746 0.7054007053375244 185
1675726145003 0.704978883266449 186
1675727792917 0.7059590220451355 187
1675729352870 0.7060534358024597 188
1675730912534 0.7045090794563293 189
1675732471424 0.7061508297920227 190
1675734030649 0.7041485905647278 191
1675735589386 0.7047516703605652 192
1675737149012 0.7047672271728516 193
1675738798199 0.7041948437690735 194
1675740356491 0.7056701183319092 195
1675741916557 0.7054643630981445 196
1675743476180 0.704258382320404 197
1675745034604 0.7026978731155396 198
1675746594063 0.7044636011123657 199
1675748153902 0.7040918469429016 200
1675749712077 0.7062831521034241 201
1675751359780 0.7018969655036926 202
1675752919138 0.7021995782852173 203
1675754477417 0.7050279378890991 204
1675756036778 0.7037819027900696 205
1675757595050 0.7026465535163879 206
1675759154869 0.7054213881492615 207
1675760714744 0.7012142539024353 208
1675762273209 0.7030134797096252 209
1675763832788 0.7030805945396423 210
1675765392354 0.7040053606033325 211
1675766951077 0.7028014659881592 212
1675768510644 0.7023928165435791 213
1675770071293 0.7011234760284424 214
1675771630062 0.7030268311500549 215
1675773190429 0.7021309733390808 216
1675774750455 0.7027885317802429 217
1675776308970 0.7050231695175171 218
1675777869012 0.6991134285926819 219
1675779427977 0.7026334404945374 220
1675780987386 0.7013813853263855 221
1675782546948 0.7011896371841431 222
1675784105887 0.7008371949195862 223
1675785756612 0.7008746266365051 224
1675787316704 0.703602135181427 225
1675788875687 0.7003686428070068 226
1675790435361 0.7005549669265747 227
1675791995263 0.7007794380187988 228
1675793554214 0.7019360661506653 229
1675795114002 0.6995475888252258 230
1675796674135 0.69989413022995 231
1675798232912 0.7014003992080688 232
1675799792463 0.6995179057121277 233
