1675434417361 3.153717279434204 0
1675436010794 2.775479793548584 1
1675437594701 2.44421648979187 2
1675439145085 2.1961827278137207 3
1675440695944 2.0225117206573486 4
1675442246202 1.8925918340682983 5
1675443797125 1.791086196899414 6
1675445472136 1.7033891677856445 7
1675447022260 1.6270214319229126 8
1675448572900 1.5558525323867798 9
1675450123891 1.498105764389038 10
1675451673993 1.4459210634231567 11
1675453225131 1.404417634010315 12
1675454775006 1.3638180494308472 13
1675456438485 1.329974889755249 14
1675457989570 1.301688551902771 15
1675459539924 1.275558352470398 16
1675461092798 1.2452149391174316 17
1675462644326 1.2256615161895752 18
1675464195693 1.2008953094482422 19
1675465747484 1.1782832145690918 20
1675467299508 1.1651254892349243 21
1675468962109 1.1426188945770264 22
1675470513867 1.129381775856018 23
1675472065126 1.1145861148834229 24
1675473615406 1.1001014709472656 25
1675475167159 1.0812395811080933 26
1675476717632 1.0716973543167114 27
1675478269227 1.0594146251678467 28
1675479934244 1.050289273262024 29
1675481484200 1.0357645750045776 30
1675483036191 1.027204155921936 31
1675484587552 1.0191649198532104 32
1675486137843 1.0093183517456055 33
1675487689255 1.0025629997253418 34
1675489240737 0.9909571409225464 35
1675490790995 0.9838358759880066 36
1675492455608 0.9762033820152283 37
1675494006440 0.9688979983329773 38
1675495556412 0.9636723399162292 39
1675497107395 0.9542706608772278 40
1675498657048 0.9479017853736877 41
1675500208067 0.9401478171348572 42
1675501759112 0.9343166947364807 43
1675503420359 0.9318090677261353 44
1675504971025 0.9231799244880676 45
1675506522765 0.918748140335083 46
1675508073887 0.9100742340087891 47
1675509625917 0.9042181968688965 48
1675511179205 0.901732325553894 49
1675512732624 0.8977365493774414 50
1675514288821 0.8890925049781799 51
1675515961884 0.8829914331436157 52
1675517516476 0.8806347846984863 53
1675519072135 0.8738605380058289 54
1675520624035 0.8703964948654175 55
1675522178946 0.8624983429908752 56
1675523733947 0.8589116334915161 57
1675525288103 0.8550724983215332 58
1675526955448 0.8432735204696655 59
1675528506628 0.8303250670433044 60
1675530058283 0.8210068941116333 61
1675531611147 0.8112627267837524 62
1675533165460 0.7983282208442688 63
1675534719309 0.7905197143554688 64
1675536275604 0.7807157039642334 65
1675537831628 0.7736406922340393 66
1675539503447 0.7662627696990967 67
1675541058873 0.7631710171699524 68
1675542613202 0.7596973776817322 69
1675544164198 0.7602941989898682 70
1675545715372 0.7625017166137695 71
1675547266416 0.760201632976532 72
1675548818482 0.7599285840988159 73
1675550483709 0.7597429752349854 74
1675552034065 0.757261335849762 75
1675553585654 0.7577394843101501 76
1675555137191 0.7578370571136475 77
1675556687828 0.7596928477287292 78
1675558239693 0.7547364830970764 79
1675559791456 0.7586953639984131 80
1675561342020 0.7582707405090332 81
1675563005483 0.7567207217216492 82
1675564555989 0.756570041179657 83
1675566108154 0.7576082944869995 84
1675567659923 0.7564502954483032 85
1675569212062 0.7538664937019348 86
1675570763885 0.7547625303268433 87
1675572316112 0.7550294995307922 88
1675573983469 0.7547665238380432 89
1675575535064 0.7543092370033264 90
1675577086764 0.755276083946228 91
1675578637483 0.7555458545684814 92
1675580190519 0.7543389201164246 93
1675581748385 0.7545595169067383 94
1675583332902 0.7541992664337158 95
1675584927012 0.7544439435005188 96
1675586685187 0.7528513073921204 97
1675588280153 0.7543949484825134 98
1675589876750 0.7555159330368042 99
1675591470619 0.752701461315155 100
1675593065614 0.753786027431488 101
1675594662474 0.7529881596565247 102
1675596256856 0.753455638885498 103
1675597852896 0.7527804374694824 104
1675599446681 0.7526028156280518 105
1675601032348 0.7528042197227478 106
1675602590173 0.7516142129898071 107
1675604146211 0.752169668674469 108
1675605703715 0.7521911263465881 109
1675607262741 0.7522676587104797 110
1675608820664 0.7501789927482605 111
1675610556822 0.7504045367240906 112
1675612112390 0.7489434480667114 113
1675613667346 0.7518312335014343 114
1675615223273 0.751530647277832 115
1675616778709 0.7480363845825195 116
1675618333771 0.7506781816482544 117
1675619889398 0.7492758631706238 118
1675621445404 0.7493105530738831 119
1675623001564 0.7506131529808044 120
1675624560405 0.7501427531242371 121
1675626119703 0.7493534088134766 122
1675627677330 0.7510345578193665 123
1675629236223 0.7497332096099854 124
1675630794089 0.7482063174247742 125
1675632353163 0.7496479153633118 126
1675634020824 0.7488846182823181 127
1675635578590 0.7490684390068054 128
1675637137199 0.749147355556488 129
1675638696037 0.7474649548530579 130
1675640253613 0.7488714456558228 131
1675641812345 0.7474559545516968 132
1675643371414 0.7463616132736206 133
1675644928800 0.7497502565383911 134
1675646487562 0.745384931564331 135
1675648046601 0.7469408512115479 136
1675649604260 0.7494908571243286 137
1675651163897 0.7480378150939941 138
1675652721994 0.7456426024436951 139
1675654280932 0.7461994886398315 140
1675655840005 0.7493559122085571 141
1675657486356 0.7453393936157227 142
1675659044867 0.746799647808075 143
1675660603390 0.7479351758956909 144
1675662160621 0.7480672001838684 145
1675663719200 0.7469196915626526 146
1675665277887 0.745430588722229 147
1675666835644 0.7487619519233704 148
1675668394080 0.7460728287696838 149
1675669952893 0.7461411952972412 150
1675671510515 0.7454352378845215 151
1675673068873 0.7435175180435181 152
1675674625778 0.7462693452835083 153
1675676184346 0.7455457448959351 154
1675677743091 0.7449821829795837 155
1675679300369 0.7431577444076538 156
1675680859054 0.7432165145874023 157
1675682417835 0.7458715438842773 158
1675683975589 0.7462735176086426 159
1675685534168 0.7443833947181702 160
1675687092977 0.7436695098876953 161
1675688651446 0.7439639568328857 162
1675690210347 0.7443737387657166 163
1675691769744 0.7438557147979736 164
1675693327571 0.7456986308097839 165
1675694886243 0.7436408400535583 166
1675696444285 0.7421786189079285 167
1675698002727 0.7429539561271667 168
1675699560877 0.7430797219276428 169
1675701118402 0.7412346601486206 170
1675702677141 0.7420992255210876 171
1675704322117 0.7419488430023193 172
1675705879173 0.7437873482704163 173
1675707437496 0.7416285276412964 174
1675708995633 0.7432552576065063 175
1675710552614 0.745284378528595 176
1675712110751 0.7397518157958984 177
1675713668731 0.7443985939025879 178
1675715225602 0.7419496774673462 179
1675716785244 0.7440109252929688 180
1675718344332 0.7410431504249573 181
1675719904784 0.7415009140968323 182
1675721464587 0.7427657842636108 183
1675723024168 0.7410895228385925 184
1675724584746 0.7408490180969238 185
1675726145003 0.7405675053596497 186
1675727792917 0.7412071824073792 187
1675729352870 0.741522490978241 188
1675730912534 0.7400248646736145 189
1675732471424 0.7414541244506836 190
1675734030649 0.7395771741867065 191
1675735589386 0.7402007579803467 192
1675737149012 0.7401142120361328 193
1675738798199 0.7396533489227295 194
1675740356491 0.7410290837287903 195
1675741916557 0.740784764289856 196
1675743476180 0.7398098707199097 197
1675745034604 0.7379230260848999 198
1675746594063 0.7398653626441956 199
1675748153902 0.7395990490913391 200
1675749712077 0.7414812445640564 201
1675751359780 0.7373066544532776 202
1675752919138 0.7376424074172974 203
1675754477417 0.7402896285057068 204
1675756036778 0.7391285300254822 205
1675757595050 0.7380638718605042 206
1675759154869 0.7406767010688782 207
1675760714744 0.7366073727607727 208
1675762273209 0.7382887601852417 209
1675763832788 0.7383410334587097 210
1675765392354 0.7395039200782776 211
1675766951077 0.7379597425460815 212
1675768510644 0.7377117872238159 213
1675770071293 0.736574113368988 214
1675771630062 0.7381705045700073 215
1675773190429 0.7374774813652039 216
1675774750455 0.738161027431488 217
1675776308970 0.7402426600456238 218
1675777869012 0.7344337105751038 219
1675779427977 0.7379843592643738 220
1675780987386 0.7365699410438538 221
1675782546948 0.7365338206291199 222
1675784105887 0.7360274791717529 223
1675785756612 0.736068844795227 224
1675787316704 0.7390774488449097 225
1675788875687 0.735464334487915 226
1675790435361 0.7358540892601013 227
1675791995263 0.7361440658569336 228
1675793554214 0.737013041973114 229
1675795114002 0.734833300113678 230
1675796674135 0.7351984977722168 231
1675798232912 0.7365431785583496 232
1675799792463 0.7347934246063232 233
