1675434417361 6e-06 0
1675436010794 1.4625e-05 1
1675437594701 2.325e-05 2
1675439145085 3.1875003e-05 3
1675440695944 4.0500003e-05 4
1675442246202 4.9125003e-05 5
1675443797125 5.7750003e-05 6
1675445472136 6.6375e-05 7
1675447022260 7.5e-05 8
1675448572900 7.5e-05 9
1675450123891 7.5e-05 10
1675451673993 7.5e-05 11
1675453225131 7.5e-05 12
1675454775006 7.5e-05 13
1675456438485 7.5e-05 14
1675457989570 7.5e-05 15
1675459539924 7.5e-05 16
1675461092798 7.5e-05 17
1675462644326 7.5e-05 18
1675464195693 7.5e-05 19
1675465747484 7.5e-05 20
1675467299508 7.5e-05 21
1675468962109 7.5e-05 22
1675470513867 7.5e-05 23
1675472065126 7.5e-05 24
1675473615406 7.5e-05 25
1675475167159 7.5e-05 26
1675476717632 7.5e-05 27
1675478269227 7.5e-05 28
1675479934244 7.5e-05 29
1675481484200 7.5e-05 30
1675483036191 7.5e-05 31
1675484587552 7.5e-05 32
1675486137843 7.5e-05 33
1675487689255 7.5e-05 34
1675489240737 7.5e-05 35
1675490790995 7.5e-05 36
1675492455608 7.5e-05 37
1675494006440 7.5e-05 38
1675495556412 7.5e-05 39
1675497107395 7.5e-05 40
1675498657048 7.5e-05 41
1675500208067 7.5e-05 42
1675501759112 7.5e-05 43
1675503420359 7.5e-05 44
1675504971025 7.5e-05 45
1675506522765 7.5e-05 46
1675508073887 7.5e-05 47
1675509625917 7.5e-05 48
1675511179205 7.5e-05 49
1675512732624 7.5e-05 50
1675514288821 7.5e-05 51
1675515961884 7.5e-05 52
1675517516476 7.5e-05 53
1675519072135 7.5e-05 54
1675520624035 7.5e-05 55
1675522178946 7.5e-05 56
1675523733947 7.5e-05 57
1675525288103 7.5e-05 58
1675526955448 6.759e-05 59
1675528506628 6.0180006e-05 60
1675530058283 5.2770003e-05 61
1675531611147 4.5360004e-05 62
1675533165460 3.7950005e-05 63
1675534719309 3.0540003e-05 64
1675536275604 2.3130004e-05 65
1675537831628 1.5720005e-05 66
1675539503447 8.310002e-06 67
1675541058873 9.0000685e-07 68
1675542613202 9e-07 69
1675544164198 9e-07 70
1675545715372 9e-07 71
1675547266416 9e-07 72
1675548818482 9e-07 73
1675550483709 9e-07 74
1675552034065 9e-07 75
1675553585654 9e-07 76
1675555137191 9e-07 77
1675556687828 9e-07 78
1675558239693 9e-07 79
1675559791456 9e-07 80
1675561342020 9e-07 81
1675563005483 9e-07 82
1675564555989 9e-07 83
1675566108154 9e-07 84
1675567659923 9e-07 85
1675569212062 9e-07 86
1675570763885 9e-07 87
1675572316112 9e-07 88
1675573983469 9e-07 89
1675575535064 9e-07 90
1675577086764 9e-07 91
1675578637483 9e-07 92
1675580190519 9e-07 93
1675581748385 9e-07 94
1675583332902 9e-07 95
1675584927012 9e-07 96
1675586685187 9e-07 97
1675588280153 9e-07 98
1675589876750 9e-07 99
1675591470619 9e-07 100
1675593065614 9e-07 101
1675594662474 9e-07 102
1675596256856 9e-07 103
1675597852896 9e-07 104
1675599446681 9e-07 105
1675601032348 9e-07 106
1675602590173 9e-07 107
1675604146211 9e-07 108
1675605703715 9e-07 109
1675607262741 9e-07 110
1675608820664 9e-07 111
1675610556822 9e-07 112
1675612112390 9e-07 113
1675613667346 9e-07 114
1675615223273 9e-07 115
1675616778709 9e-07 116
1675618333771 9e-07 117
1675619889398 9e-07 118
1675621445404 9e-07 119
1675623001564 9e-07 120
1675624560405 9e-07 121
1675626119703 9e-07 122
1675627677330 9e-07 123
1675629236223 9e-07 124
1675630794089 9e-07 125
1675632353163 9e-07 126
1675634020824 9e-07 127
1675635578590 9e-07 128
1675637137199 9e-07 129
1675638696037 9e-07 130
1675640253613 9e-07 131
1675641812345 9e-07 132
1675643371414 9e-07 133
1675644928800 9e-07 134
1675646487562 9e-07 135
1675648046601 9e-07 136
1675649604260 9e-07 137
1675651163897 9e-07 138
1675652721994 9e-07 139
1675654280932 9e-07 140
1675655840005 9e-07 141
1675657486356 9e-07 142
1675659044867 9e-07 143
1675660603390 9e-07 144
1675662160621 9e-07 145
1675663719200 9e-07 146
1675665277887 9e-07 147
1675666835644 9e-07 148
1675668394080 9e-07 149
1675669952893 9e-07 150
1675671510515 9e-07 151
1675673068873 9e-07 152
1675674625778 9e-07 153
1675676184346 9e-07 154
1675677743091 9e-07 155
1675679300369 9e-07 156
1675680859054 9e-07 157
1675682417835 9e-07 158
1675683975589 9e-07 159
1675685534168 9e-07 160
1675687092977 9e-07 161
1675688651446 9e-07 162
1675690210347 9e-07 163
1675691769744 9e-07 164
1675693327571 9e-07 165
1675694886243 9e-07 166
1675696444285 9e-07 167
1675698002727 9e-07 168
1675699560877 9e-07 169
1675701118402 9e-07 170
1675702677141 9e-07 171
1675704322117 9e-07 172
1675705879173 9e-07 173
1675707437496 9e-07 174
1675708995633 9e-07 175
1675710552614 9e-07 176
1675712110751 9e-07 177
1675713668731 9e-07 178
1675715225602 9e-07 179
1675716785244 9e-07 180
1675718344332 9e-07 181
1675719904784 9e-07 182
1675721464587 9e-07 183
1675723024168 9e-07 184
1675724584746 9e-07 185
1675726145003 9e-07 186
1675727792917 9e-07 187
1675729352870 9e-07 188
1675730912534 9e-07 189
1675732471424 9e-07 190
1675734030649 9e-07 191
1675735589386 9e-07 192
1675737149012 9e-07 193
1675738798199 9e-07 194
1675740356491 9e-07 195
1675741916557 9e-07 196
1675743476180 9e-07 197
1675745034604 9e-07 198
1675746594063 9e-07 199
1675748153902 9e-07 200
1675749712077 9e-07 201
1675751359780 9e-07 202
1675752919138 9e-07 203
1675754477417 9e-07 204
1675756036778 9e-07 205
1675757595050 9e-07 206
1675759154869 9e-07 207
1675760714744 9e-07 208
1675762273209 9e-07 209
1675763832788 9e-07 210
1675765392354 9e-07 211
1675766951077 9e-07 212
1675768510644 9e-07 213
1675770071293 9e-07 214
1675771630062 9e-07 215
1675773190429 9e-07 216
1675774750455 9e-07 217
1675776308970 9e-07 218
1675777869012 9e-07 219
1675779427977 9e-07 220
1675780987386 9e-07 221
1675782546948 9e-07 222
1675784105887 9e-07 223
1675785756612 9e-07 224
1675787316704 9e-07 225
1675788875687 9e-07 226
1675790435361 9e-07 227
1675791995263 9e-07 228
1675793554214 9e-07 229
1675795114002 9e-07 230
1675796674135 9e-07 231
1675798232912 9e-07 232
1675799792463 9e-07 233
