1675434417361 1.0223678350448608 0
1675436010794 0.7263296246528625 1
1675437594701 0.4891257584095001 2
1675439145085 0.3296796977519989 3
1675440695944 0.23493371903896332 4
1675442246202 0.17852771282196045 5
1675443797125 0.14622683823108673 6
1675445472136 0.1249408945441246 7
1675447022260 0.10923176258802414 8
1675448572900 0.09850296378135681 9
1675450123891 0.09071767330169678 10
1675451673993 0.08395437896251678 11
1675453225131 0.07985752075910568 12
1675454775006 0.0759061947464943 13
1675456438485 0.07260718196630478 14
1675457989570 0.07004084438085556 15
1675459539924 0.06739208102226257 16
1675461092798 0.06520857661962509 17
1675462644326 0.06386920809745789 18
1675464195693 0.0615663044154644 19
1675465747484 0.060333892703056335 20
1675467299508 0.059071313589811325 21
1675468962109 0.05755423381924629 22
1675470513867 0.05650933086872101 23
1675472065126 0.055924419313669205 24
1675473615406 0.05436009168624878 25
1675475167159 0.053235236555337906 26
1675476717632 0.052668552845716476 27
1675478269227 0.051591355353593826 28
1675479934244 0.0516371950507164 29
1675481484200 0.050056979060173035 30
1675483036191 0.049545835703611374 31
1675484587552 0.04935656115412712 32
1675486137843 0.04804845154285431 33
1675487689255 0.048141635954380035 34
1675489240737 0.04752063751220703 35
1675490790995 0.04643556848168373 36
1675492455608 0.04622418433427811 37
1675494006440 0.04597306624054909 38
1675495556412 0.04532654955983162 39
1675497107395 0.04487723112106323 40
1675498657048 0.044614534825086594 41
1675500208067 0.04372275248169899 42
1675501759112 0.04382111132144928 43
1675503420359 0.04342184215784073 44
1675504971025 0.04273006319999695 45
1675506522765 0.043196629732847214 46
1675508073887 0.04202095419168472 47
1675509625917 0.04194234311580658 48
1675511179205 0.042142484337091446 49
1675512732624 0.0412650927901268 50
1675514288821 0.04093298688530922 51
1675515961884 0.04082932323217392 52
1675517516476 0.040856409817934036 53
1675519072135 0.04011816531419754 54
1675520624035 0.0399697981774807 55
1675522178946 0.0395219586789608 56
1675523733947 0.039439816027879715 57
1675525288103 0.03925557807087898 58
1675526955448 0.038613636046648026 59
1675528506628 0.0385282039642334 60
1675530058283 0.03778265416622162 61
1675531611147 0.03760576248168945 62
1675533165460 0.037315499037504196 63
1675534719309 0.03677641227841377 64
1675536275604 0.03670201078057289 65
1675537831628 0.03650067746639252 66
1675539503447 0.036121681332588196 67
1675541058873 0.03614256531000137 68
1675542613202 0.036135125905275345 69
1675544164198 0.03596692904829979 70
1675545715372 0.03611127287149429 71
1675547266416 0.03595864027738571 72
1675548818482 0.03596652299165726 73
1675550483709 0.036174286156892776 74
1675552034065 0.03585032746195793 75
1675553585654 0.036023467779159546 76
1675555137191 0.036094341427087784 77
1675556687828 0.035853058099746704 78
1675558239693 0.036019012331962585 79
1675559791456 0.03605259209871292 80
1675561342020 0.03584815934300423 81
1675563005483 0.03600006550550461 82
1675564555989 0.03601684793829918 83
1675566108154 0.03585357218980789 84
1675567659923 0.03600763529539108 85
1675569212062 0.035859838128089905 86
1675570763885 0.03588064759969711 87
1675572316112 0.0361136831343174 88
1675573983469 0.03572440519928932 89
1675575535064 0.03596193343400955 90
1675577086764 0.03599165752530098 91
1675578637483 0.03576727956533432 92
1675580190519 0.03593067824840546 93
1675581748385 0.03595467656850815 94
1675583332902 0.03575143963098526 95
1675584927012 0.035927869379520416 96
1675586685187 0.03589360788464546 97
1675588280153 0.03577756881713867 98
1675589876750 0.03594888746738434 99
1675591470619 0.03577234596014023 100
1675593065614 0.03580794483423233 101
1675594662474 0.035991158336400986 102
1675596256856 0.03565417230129242 103
1675597852896 0.03586922213435173 104
1675599446681 0.03588227555155754 105
1675601032348 0.03573373705148697 106
1675602590173 0.03583522140979767 107
1675604146211 0.035871654748916626 108
1675605703715 0.035687342286109924 109
1675607262741 0.03585732355713844 110
1675608820664 0.03576896712183952 111
1675610556822 0.03572621941566467 112
1675612112390 0.03585638850927353 113
1675613667346 0.03567534312605858 114
1675615223273 0.03574642166495323 115
1675616778709 0.03593536093831062 116
1675618333771 0.035553157329559326 117
1675619889398 0.03583013638854027 118
1675621445404 0.03578254207968712 119
1675623001564 0.03567449003458023 120
1675624560405 0.03578177094459534 121
1675626119703 0.035764310508966446 122
1675627677330 0.0356392040848732 123
1675629236223 0.03579845279455185 124
1675630794089 0.03568702191114426 125
1675632353163 0.03568468242883682 126
1675634020824 0.035792406648397446 127
1675635578590 0.0355830043554306 128
1675637137199 0.0356668159365654 129
1675638696037 0.035862330347299576 130
1675640253613 0.03549772873520851 131
1675641812345 0.035733941942453384 132
1675643371414 0.03573598712682724 133
1675644928800 0.0355999581515789 134
1675646487562 0.03568095341324806 135
1675648046601 0.035713426768779755 136
1675649604260 0.035566236823797226 137
1675651163897 0.03575383126735687 138
1675652721994 0.03558223694562912 139
1675654280932 0.03560330718755722 140
1675655840005 0.035753410309553146 141
1675657486356 0.03552328795194626 142
1675659044867 0.035613685846328735 143
1675660603390 0.03576672449707985 144
1675662160621 0.035415735095739365 145
1675663719200 0.03569057956337929 146
1675665277887 0.035654544830322266 147
1675666835644 0.03555551916360855 148
1675668394080 0.03559713065624237 149
1675669952893 0.035613641142845154 150
1675671510515 0.03551948815584183 151
1675673068873 0.035662613809108734 152
1675674625778 0.03554835915565491 153
1675676184346 0.03554832190275192 154
1675677743091 0.03568905219435692 155
1675679300369 0.03541305288672447 156
1675680859054 0.03556682541966438 157
1675682417835 0.035697091370821 158
1675683975589 0.03538357466459274 159
1675685534168 0.03559093549847603 160
1675687092977 0.03563068062067032 161
1675688651446 0.03547121211886406 162
1675690210347 0.035542696714401245 163
1675691769744 0.0355430506169796 164
1675693327571 0.03546298295259476 165
1675694886243 0.03560527786612511 166
1675696444285 0.03548307716846466 167
1675698002727 0.03543528914451599 168
1675699560877 0.035658098757267 169
1675701118402 0.035328395664691925 170
1675702677141 0.03553643450140953 171
1675704322117 0.035621773451566696 172
1675705879173 0.03531394153833389 173
1675707437496 0.035531044006347656 174
1675708995633 0.035573262721300125 175
1675710552614 0.035365406423807144 176
1675712110751 0.03549598157405853 177
1675713668731 0.03548186272382736 178
1675715225602 0.03540223464369774 179
1675716785244 0.03552482649683952 180
1675718344332 0.035406067967414856 181
1675719904784 0.035369571298360825 182
1675721464587 0.03562040627002716 183
1675723024168 0.03527677431702614 184
1675724584746 0.035448312759399414 185
1675726145003 0.03558845818042755 186
1675727792917 0.0352478064596653 187
1675729352870 0.035469621419906616 188
1675730912534 0.03551613539457321 189
1675732471424 0.03530385345220566 190
1675734030649 0.03542812913656235 191
1675735589386 0.03544887900352478 192
1675737149012 0.03534656763076782 193
1675738798199 0.03545867279171944 194
1675740356491 0.035358913242816925 195
1675741916557 0.03532136231660843 196
1675743476180 0.03555195406079292 197
1675745034604 0.03522646427154541 198
1675746594063 0.03540196269750595 199
1675748153902 0.03550725802779198 200
1675749712077 0.03519882634282112 201
1675751359780 0.035410698503255844 202
1675752919138 0.03544233366847038 203
1675754477417 0.035262007266283035 204
1675756036778 0.03534703701734543 205
1675757595050 0.03541639819741249 206
1675759154869 0.03525481000542641 207
1675760714744 0.03539302572607994 208
1675762273209 0.035275060683488846 209
1675763832788 0.035259731113910675 210
1675765392354 0.035499442368745804 211
1675766951077 0.03515826538205147 212
1675768510644 0.035319093614816666 213
1675770071293 0.035451702773571014 214
1675771630062 0.035143718123435974 215
1675773190429 0.03534701466560364 216
1675774750455 0.03537190333008766 217
1675776308970 0.03521953523159027 218
1675777869012 0.035321351140737534 219
1675779427977 0.03535139560699463 220
1675780987386 0.03518839552998543 221
1675782546948 0.03534432128071785 222
1675784105887 0.03519030660390854 223
1675785756612 0.03519498556852341 224
1675787316704 0.035476204007864 225
1675788875687 0.03509537875652313 226
1675790435361 0.035299092531204224 227
1675791995263 0.03536504507064819 228
1675793554214 0.035077616572380066 229
1675795114002 0.03528529033064842 230
1675796674135 0.03530431538820267 231
1675798232912 0.035142768174409866 232
1675799792463 0.03527526184916496 233
