1678790047086 2.0077128410339355 0
1678791749297 1.787591814994812 1
1678793350413 1.6830428838729858 2
1678795020724 1.622972846031189 3
1678796586326 1.57990300655365 4
1678798244967 1.5376427173614502 5
1678799810875 1.5040180683135986 6
1678801463015 1.4742807149887085 7
1678803029274 1.4475886821746826 8
1678804702270 1.4204602241516113 9
1678806268793 1.392134428024292 10
1678807927370 1.3680633306503296 11
1678809494356 1.3471838235855103 12
1678811153944 1.3263379335403442 13
1678812721660 1.308790683746338 14
1678814392397 1.292144775390625 15
1678815958627 1.2772382497787476 16
1678817625148 1.2634745836257935 17
1678819192392 1.2494608163833618 18
1678820855650 1.2384729385375977 19
1678822423339 1.2248855829238892 20
1678824097557 1.212607741355896 21
1678825663894 1.2107380628585815 22
1678827342425 1.1949002742767334 23
1678828908775 1.1873654127120972 24
1678830570885 1.1801717281341553 25
1678832137551 1.1727306842803955 26
1678833809123 1.1630375385284424 27
1678835376026 1.1558350324630737 28
1678837055357 1.15020751953125 29
1678838621382 1.1431993246078491 30
1678840283605 1.1389966011047363 31
1678841850237 1.1324416399002075 32
1678843521069 1.1231485605239868 33
1678845087921 1.1177103519439697 34
1678846768000 1.1113444566726685 35
1678848333911 1.1111019849777222 36
1678849999146 1.104214072227478 37
1678851565372 1.0998070240020752 38
1678853236168 1.0952939987182617 39
1678854803782 1.089299201965332 40
1678856481805 1.0850239992141724 41
1678858047661 1.0819432735443115 42
1678859706044 1.0742398500442505 43
1678861271616 1.0746864080429077 44
1678862946350 1.067168951034546 45
1678864512394 1.0658680200576782 46
1678866190609 1.0624192953109741 47
1678867756416 1.052187204360962 48
1678869417680 1.0519970655441284 49
1678870983376 1.0494420528411865 50
1678872655125 1.044904351234436 51
1678874220178 1.0411072969436646 52
1678875899389 1.0376355648040771 53
1678877465163 1.0366555452346802 54
1678879127985 1.0304439067840576 55
1678880694082 1.028934359550476 56
1678882368563 1.0289547443389893 57
1678883933847 1.0234065055847168 58
1678885616250 1.0191463232040405 59
1678887182389 1.017478585243225 60
1678888842328 1.0140551328659058 61
1678890408589 1.011195421218872 62
1678892076030 1.0082999467849731 63
1678893642223 1.005068063735962 64
1678895325185 1.0039348602294922 65
1678896890426 1.0028895139694214 66
1678898554305 0.9980449080467224 67
1678900120472 0.992983341217041 68
1678901793644 0.9947683215141296 69
1678903359966 0.9912218451499939 70
1678905037920 0.9891433119773865 71
1678906603431 0.9881360530853271 72
1678908267288 0.9823980927467346 73
1678909833475 0.9843474626541138 74
1678911507600 0.9771506190299988 75
1678913074020 0.9965042471885681 76
1678914752904 0.9703155159950256 77
1678916320350 0.9685297012329102 78
1678917886846 0.9707720875740051 79
1678919453134 0.9679939150810242 80
1678921162528 0.9644216299057007 81
1678922729910 0.9629145860671997 82
1678924411626 0.9622076749801636 83
1678925978243 0.9625490307807922 84
1678927643804 0.9553670287132263 85
1678929209430 0.9541945457458496 86
1678930886148 0.9552745223045349 87
1678932451938 0.9518881440162659 88
1678934130092 0.945919394493103 89
1678935696346 0.9481956958770752 90
1678937359036 0.9452685713768005 91
1678938925307 0.9421043395996094 92
1678940598310 0.9375093579292297 93
1678942163855 0.9389493465423584 94
1678943730244 0.9411657452583313 95
1678945297120 0.9365461468696594 96
1678946960879 0.9344801306724548 97
1678948525972 1.5236363410949707 98
1678950090155 1.7438815832138062 99
1678951654246 1.732088327407837 100
1678953218824 1.7292543649673462 101
1678954782954 1.7283931970596313 102
1678956346660 1.726375699043274 103
1678957911101 1.7271090745925903 104
1678959474431 1.7246646881103516 105
1678961038625 1.7256696224212646 106
1678962603155 1.7250125408172607 107
1678964167691 1.7238448858261108 108
1678965732956 1.7237008810043335 109
1678967298397 1.7238227128982544 110
1678968863142 1.723213791847229 111
1678970428891 1.723161220550537 112
1678971994036 1.7239186763763428 113
1678973560554 1.7224304676055908 114
1678975126833 1.7231757640838623 115
1678976693560 1.7235121726989746 116
1678978259204 1.7227667570114136 117
1678979824746 1.721341609954834 118
1678981389564 1.7230730056762695 119
1678982954727 1.722124457359314 120
1678984519238 1.7217665910720825 121
1678986083726 1.7232176065444946 122
1678987648807 1.7208278179168701 123
1678989214050 1.7237343788146973 124
1678990778251 1.7218408584594727 125
1678992343420 1.7220890522003174 126
1678993907925 1.7226040363311768 127
1678995473294 1.7212542295455933 128
1678997039315 1.7232962846755981 129
1678998603896 1.7209967374801636 130
1679000170445 1.7224104404449463 131
1679001736245 1.7220567464828491 132
1679003302125 1.7214962244033813 133
1679004868918 1.7216116189956665 134
1679006434440 1.7214667797088623 135
1679007999370 1.7216435670852661 136
1679009568947 1.7215877771377563 137
1679011140419 1.7226449251174927 138
1679012712864 1.7206915616989136 139
1679014284579 1.7221535444259644 140
1679015856436 1.7225998640060425 141
1679017428572 1.721777319908142 142
1679019000946 1.7204874753952026 143
1679020572475 1.7218800783157349 144
1679022144551 1.72141432762146 145
1679023716773 1.7208049297332764 146
1679025288177 1.7226046323776245 147
1679026860303 1.7200032472610474 148
1679028432466 1.7227671146392822 149
1679030003993 1.7211863994598389 150
1679031576314 1.721457839012146 151
1679033148298 1.7223719358444214 152
1679034720652 1.720563530921936 153
1679036293077 1.7224246263504028 154
1679037864888 1.7206412553787231 155
1679039437589 1.721767544746399 156
1679041010037 1.7215783596038818 157
1679042582094 1.7209476232528687 158
1679044154732 1.7210776805877686 159
1679045727963 1.7210631370544434 160
1679047299945 1.7211791276931763 161
1679048872370 1.7212402820587158 162
1679050443947 1.7221169471740723 163
1679052016439 1.7206776142120361 164
1679053589006 1.7215665578842163 165
1679055161139 1.722284197807312 166
1679056733400 1.7215439081192017 167
1679058306116 1.7202873229980469 168
1679059878199 1.7216148376464844 169
1679061450933 1.7208824157714844 170
1679063023981 1.7206032276153564 171
1679064596023 1.7223788499832153 172
1679066169123 1.7201523780822754 173
1679067742115 1.7224854230880737 174
1679069314054 1.7208116054534912 175
1679070887082 1.7208876609802246 176
1679072458894 1.7221816778182983 177
1679074031648 1.7201553583145142 178
1679075604498 1.7222543954849243 179
1679077176532 1.7204636335372925 180
1679078749265 1.7213304042816162 181
1679080321891 1.7214387655258179 182
1679081894233 1.7206310033798218 183
1679083466898 1.7211724519729614 184
1679085039802 1.7207456827163696 185
1679086611664 1.7211834192276 186
1679088184299 1.721191167831421 187
1679089756221 1.721834421157837 188
1679091329017 1.7204161882400513 189
1679092901805 1.721457600593567 190
1679094473926 1.7224793434143066 191
1679096046753 1.7212449312210083 192
1679097619573 1.7199569940567017 193
1679099191719 1.7214511632919312 194
1679100764219 1.7205737829208374 195
1679102337030 1.72036612033844 196
1679103909484 1.7222155332565308 197
1679105482281 1.7198107242584229 198
1679107054973 1.7223891019821167 199
1679108626596 1.720551609992981 200
1679110199685 1.7206817865371704 201
1679111771585 1.7219091653823853 202
1679113344203 1.7200607061386108 203
1679114916609 1.7218862771987915 204
1679116488539 1.720409631729126 205
1679118061009 1.7212843894958496 206
1679119633439 1.7213748693466187 207
1679121204894 1.720404863357544 208
1679122777448 1.7207313776016235 209
1679124349830 1.720603346824646 210
1679125921703 1.7210580110549927 211
1679127494109 1.7209316492080688 212
1679129066025 1.7215993404388428 213
1679130638341 1.7202436923980713 214
1679132210787 1.7212899923324585 215
1679133782526 1.7221975326538086 216
1679135354796 1.721137285232544 217
1679136927249 1.719429850578308 218
1679138499329 1.7214657068252563 219
1679140072013 1.720754861831665 220
1679141644733 1.7202407121658325 221
1679143216599 1.7220017910003662 222
1679144789148 1.7198851108551025 223
1679146361637 1.722186803817749 224
1679147933504 1.7206988334655762 225
1679149505900 1.7206395864486694 226
1679151077735 1.7218652963638306 227
1679152650303 1.7201515436172485 228
1679154223006 1.7219575643539429 229
1679155795044 1.7204444408416748 230
1679157368160 1.721047282218933 231
1679158940554 1.721463918685913 232
