1678790047086 3.0087218284606934 0
1678791749297 2.4295570850372314 1
1678793350413 2.093337297439575 2
1678795020724 1.897160530090332 3
1678796586326 1.7759889364242554 4
1678798244967 1.6861956119537354 5
1678799810875 1.6233872175216675 6
1678801463015 1.5751231908798218 7
1678803029274 1.5346183776855469 8
1678804702270 1.4982799291610718 9
1678806268793 1.4623459577560425 10
1678807927370 1.4324244260787964 11
1678809494356 1.4076048135757446 12
1678811153944 1.3829342126846313 13
1678812721660 1.3621745109558105 14
1678814392397 1.3430228233337402 15
1678815958627 1.3257185220718384 16
1678817625148 1.3098727464675903 17
1678819192392 1.294177770614624 18
1678820855650 1.281420111656189 19
1678822423339 1.2665892839431763 20
1678824097557 1.2527313232421875 21
1678825663894 1.249776005744934 22
1678827342425 1.2331379652023315 23
1678828908775 1.2243200540542603 24
1678830570885 1.2164828777313232 25
1678832137551 1.2080310583114624 26
1678833809123 1.1976020336151123 27
1678835376026 1.1895062923431396 28
1678837055357 1.1832886934280396 29
1678838621382 1.1756870746612549 30
1678840283605 1.170870304107666 31
1678841850237 1.1638258695602417 32
1678843521069 1.1536688804626465 33
1678845087921 1.1480756998062134 34
1678846768000 1.1409906148910522 35
1678848333911 1.140318751335144 36
1678849999146 1.1330703496932983 37
1678851565372 1.1283845901489258 38
1678853236168 1.1232953071594238 39
1678854803782 1.1169604063034058 40
1678856481805 1.1123161315917969 41
1678858047661 1.1089322566986084 42
1678859706044 1.1008590459823608 43
1678861271616 1.100990891456604 44
1678862946350 1.093231439590454 45
1678864512394 1.0914674997329712 46
1678866190609 1.0877457857131958 47
1678867756416 1.0774589776992798 48
1678869417680 1.0768017768859863 49
1678870983376 1.0741406679153442 50
1678872655125 1.0692788362503052 51
1678874220178 1.0652587413787842 52
1678875899389 1.0615800619125366 53
1678877465163 1.0603526830673218 54
1678879127985 1.0538979768753052 55
1678880694082 1.0522058010101318 56
1678882368563 1.0521904230117798 57
1678883933847 1.04634428024292 58
1678885616250 1.042015552520752 59
1678887182389 1.039979338645935 60
1678888842328 1.036474347114563 61
1678890408589 1.0334464311599731 62
1678892076030 1.0303982496261597 63
1678893642223 1.0269839763641357 64
1678895325185 1.025763750076294 65
1678896890426 1.0245158672332764 66
1678898554305 1.0195035934448242 67
1678900120472 1.0142803192138672 68
1678901793644 1.0160192251205444 69
1678903359966 1.0123493671417236 70
1678905037920 1.0099985599517822 71
1678906603431 1.0088683366775513 72
1678908267288 1.0031648874282837 73
1678909833475 1.0049234628677368 74
1678911507600 0.9976616501808167 75
1678913074020 1.0174390077590942 76
1678914752904 0.9905096888542175 77
1678916320350 0.9885383248329163 78
1678917886846 0.9907323718070984 79
1678919453134 0.9878542423248291 80
1678921162528 0.9842706322669983 81
1678922729910 0.9826501607894897 82
1678924411626 0.9817582964897156 83
1678925978243 0.9822648167610168 84
1678927643804 0.9747207760810852 85
1678929209430 0.9735100865364075 86
1678930886148 0.9745334982872009 87
1678932451938 0.9710155129432678 88
1678934130092 0.9650081992149353 89
1678935696346 0.9671247601509094 90
1678937359036 0.964938223361969 91
1678938925307 0.9608405828475952 92
1678940598310 0.9560957551002502 93
1678942163855 0.9576002359390259 94
1678943730244 0.9598667025566101 95
1678945297120 0.955048680305481 96
1678946960879 0.9529008269309998 97
1678948525972 1.5439294576644897 98
1678950090155 1.7635340690612793 99
1678951654246 1.7512426376342773 100
1678953218824 1.748908281326294 101
1678954782954 1.747187614440918 102
1678956346660 1.744992971420288 103
1678957911101 1.7455315589904785 104
1678959474431 1.7430198192596436 105
1678961038625 1.744270920753479 106
1678962603155 1.743110179901123 107
1678964167691 1.7419570684432983 108
1678965732956 1.7419129610061646 109
1678967298397 1.7414255142211914 110
1678968863142 1.740707516670227 111
1678970428891 1.7406368255615234 112
1678971994036 1.7414408922195435 113
1678973560554 1.7399848699569702 114
1678975126833 1.7402739524841309 115
1678976693560 1.7404839992523193 116
1678978259204 1.7397724390029907 117
1678979824746 1.7384696006774902 118
1678981389564 1.739776849746704 119
1678982954727 1.738848090171814 120
1678984519238 1.7382694482803345 121
1678986083726 1.7396713495254517 122
1678987648807 1.7373021841049194 123
1678989214050 1.7400237321853638 124
1678990778251 1.7381621599197388 125
1678992343420 1.7382886409759521 126
1678993907925 1.7387640476226807 127
1678995473294 1.7375798225402832 128
1678997039315 1.7392381429672241 129
1678998603896 1.7368836402893066 130
1679000170445 1.738289713859558 131
1679001736245 1.7378926277160645 132
1679003302125 1.7371370792388916 133
1679004868918 1.7375355958938599 134
1679006434440 1.7370306253433228 135
1679007999370 1.737185001373291 136
1679009568947 1.7371221780776978 137
1679011140419 1.7381069660186768 138
1679012712864 1.736114740371704 139
1679014284579 1.7376352548599243 140
1679015856436 1.737878680229187 141
1679017428572 1.7370548248291016 142
1679019000946 1.7356550693511963 143
1679020572475 1.73701012134552 144
1679022144551 1.7366923093795776 145
1679023716773 1.7358003854751587 146
1679025288177 1.7375590801239014 147
1679026860303 1.7350271940231323 148
1679028432466 1.7376933097839355 149
1679030003993 1.7367722988128662 150
1679031576314 1.736219048500061 151
1679033148298 1.737101674079895 152
1679034720652 1.7353134155273438 153
1679036293077 1.7371565103530884 154
1679037864888 1.735302448272705 155
1679039437589 1.7364429235458374 156
1679041010037 1.736216425895691 157
1679042582094 1.735438346862793 158
1679044154732 1.7356961965560913 159
1679045727963 1.7355494499206543 160
1679047299945 1.7357434034347534 161
1679048872370 1.7356585264205933 162
1679050443947 1.7365291118621826 163
1679052016439 1.7350294589996338 164
1679053589006 1.7358760833740234 165
1679055161139 1.7365400791168213 166
1679056733400 1.7357920408248901 167
1679058306116 1.7344958782196045 168
1679059878199 1.7357656955718994 169
1679061450933 1.7350972890853882 170
1679063023981 1.734642505645752 171
1679064596023 1.7364146709442139 172
1679066169123 1.734229564666748 173
1679067742115 1.7364637851715088 174
1679069314054 1.734809160232544 175
1679070887082 1.7348304986953735 176
1679072458894 1.736106276512146 177
1679074031648 1.73406183719635 178
1679075604498 1.736096739768982 179
1679077176532 1.7342790365219116 180
1679078749265 1.7351148128509521 181
1679080321891 1.735216498374939 182
1679081894233 1.7342865467071533 183
1679083466898 1.7352790832519531 184
1679085039802 1.7343906164169312 185
1679086611664 1.7349075078964233 186
1679088184299 1.7348517179489136 187
1679089756221 1.7353990077972412 188
1679091329017 1.7339988946914673 189
1679092901805 1.7350339889526367 190
1679094473926 1.7359881401062012 191
1679096046753 1.7347596883773804 192
1679097619573 1.7334166765213013 193
1679099191719 1.7348954677581787 194
1679100764219 1.7340376377105713 195
1679102337030 1.7337143421173096 196
1679103909484 1.7355624437332153 197
1679105482281 1.7332088947296143 198
1679107054973 1.7356843948364258 199
1679108626596 1.7338908910751343 200
1679110199685 1.7339444160461426 201
1679111771585 1.7351468801498413 202
1679113344203 1.733646273612976 203
1679114916609 1.7351586818695068 204
1679116488539 1.7338048219680786 205
1679118061009 1.7344374656677246 206
1679119633439 1.7345333099365234 207
1679121204894 1.733452320098877 208
1679122777448 1.7339316606521606 209
1679124349830 1.7336814403533936 210
1679125921703 1.7340768575668335 211
1679127494109 1.734020709991455 212
1679129066025 1.7346031665802002 213
1679130638341 1.7332513332366943 214
1679132210787 1.7342901229858398 215
1679133782526 1.735129952430725 216
1679135354796 1.7343385219573975 217
1679136927249 1.7322875261306763 218
1679138499329 1.7343151569366455 219
1679140072013 1.73368501663208 220
1679141644733 1.7330403327941895 221
1679143216599 1.7347885370254517 222
1679144789148 1.7327595949172974 223
1679146361637 1.7349555492401123 224
1679147933504 1.7335059642791748 225
1679149505900 1.7333909273147583 226
1679151077735 1.7346028089523315 227
1679152650303 1.7328667640686035 228
1679154223006 1.7346408367156982 229
1679155795044 1.7330915927886963 230
1679157368160 1.733715295791626 231
1679158940554 1.7341232299804688 232
