1678790047086 6e-06 0
1678791749297 1.4625e-05 1
1678793350413 2.325e-05 2
1678795020724 3.1875003e-05 3
1678796586326 4.0500003e-05 4
1678798244967 4.9125003e-05 5
1678799810875 5.7750003e-05 6
1678801463015 6.6375e-05 7
1678803029274 7.5e-05 8
1678804702270 7.5e-05 9
1678806268793 7.5e-05 10
1678807927370 7.5e-05 11
1678809494356 7.5e-05 12
1678811153944 7.5e-05 13
1678812721660 7.5e-05 14
1678814392397 7.5e-05 15
1678815958627 7.5e-05 16
1678817625148 7.5e-05 17
1678819192392 7.5e-05 18
1678820855650 7.5e-05 19
1678822423339 7.5e-05 20
1678824097557 7.5e-05 21
1678825663894 7.5e-05 22
1678827342425 7.5e-05 23
1678828908775 7.5e-05 24
1678830570885 7.5e-05 25
1678832137551 7.5e-05 26
1678833809123 7.5e-05 27
1678835376026 7.5e-05 28
1678837055357 7.5e-05 29
1678838621382 7.5e-05 30
1678840283605 7.5e-05 31
1678841850237 7.5e-05 32
1678843521069 7.5e-05 33
1678845087921 7.5e-05 34
1678846768000 7.5e-05 35
1678848333911 7.5e-05 36
1678849999146 7.5e-05 37
1678851565372 7.5e-05 38
1678853236168 7.5e-05 39
1678854803782 7.5e-05 40
1678856481805 7.5e-05 41
1678858047661 7.5e-05 42
1678859706044 7.5e-05 43
1678861271616 7.5e-05 44
1678862946350 7.5e-05 45
1678864512394 7.5e-05 46
1678866190609 7.5e-05 47
1678867756416 7.5e-05 48
1678869417680 7.5e-05 49
1678870983376 7.5e-05 50
1678872655125 7.5e-05 51
1678874220178 7.5e-05 52
1678875899389 7.5e-05 53
1678877465163 7.5e-05 54
1678879127985 7.5e-05 55
1678880694082 7.5e-05 56
1678882368563 7.5e-05 57
1678883933847 7.5e-05 58
1678885616250 7.5e-05 59
1678887182389 7.5e-05 60
1678888842328 7.5e-05 61
1678890408589 7.5e-05 62
1678892076030 7.5e-05 63
1678893642223 7.5e-05 64
1678895325185 7.5e-05 65
1678896890426 7.5e-05 66
1678898554305 7.5e-05 67
1678900120472 7.5e-05 68
1678901793644 7.5e-05 69
1678903359966 7.5e-05 70
1678905037920 7.5e-05 71
1678906603431 7.5e-05 72
1678908267288 7.5e-05 73
1678909833475 7.5e-05 74
1678911507600 7.5e-05 75
1678913074020 7.5e-05 76
1678914752904 7.5e-05 77
1678916320350 7.5e-05 78
1678917886846 7.5e-05 79
1678919453134 7.5e-05 80
1678921162528 7.5e-05 81
1678922729910 7.5e-05 82
1678924411626 7.5e-05 83
1678925978243 7.5e-05 84
1678927643804 7.5e-05 85
1678929209430 7.5e-05 86
1678930886148 7.5e-05 87
1678932451938 7.5e-05 88
1678934130092 7.5e-05 89
1678935696346 7.5e-05 90
1678937359036 7.5e-05 91
1678938925307 7.5e-05 92
1678940598310 7.5e-05 93
1678942163855 7.5e-05 94
1678943730244 7.5e-05 95
1678945297120 7.5e-05 96
1678946960879 7.5e-05 97
1678948525972 7.5e-05 98
1678950090155 7.5e-05 99
1678951654246 7.5e-05 100
1678953218824 7.5e-05 101
1678954782954 7.5e-05 102
1678956346660 7.5e-05 103
1678957911101 7.5e-05 104
1678959474431 7.5e-05 105
1678961038625 7.5e-05 106
1678962603155 7.5e-05 107
1678964167691 7.5e-05 108
1678965732956 7.5e-05 109
1678967298397 7.5e-05 110
1678968863142 7.5e-05 111
1678970428891 7.5e-05 112
1678971994036 7.5e-05 113
1678973560554 7.5e-05 114
1678975126833 7.5e-05 115
1678976693560 7.5e-05 116
1678978259204 7.5e-05 117
1678979824746 7.5e-05 118
1678981389564 7.5e-05 119
1678982954727 7.5e-05 120
1678984519238 7.5e-05 121
1678986083726 7.5e-05 122
1678987648807 7.5e-05 123
1678989214050 7.5e-05 124
1678990778251 7.5e-05 125
1678992343420 7.5e-05 126
1678993907925 7.5e-05 127
1678995473294 7.5e-05 128
1678997039315 7.5e-05 129
1678998603896 7.5e-05 130
1679000170445 7.5e-05 131
1679001736245 7.5e-05 132
1679003302125 7.5e-05 133
1679004868918 7.5e-05 134
1679006434440 7.5e-05 135
1679007999370 7.5e-05 136
1679009568947 7.5e-05 137
1679011140419 7.5e-05 138
1679012712864 7.5e-05 139
1679014284579 7.5e-05 140
1679015856436 7.5e-05 141
1679017428572 7.5e-05 142
1679019000946 7.5e-05 143
1679020572475 7.5e-05 144
1679022144551 7.5e-05 145
1679023716773 7.5e-05 146
1679025288177 7.5e-05 147
1679026860303 7.5e-05 148
1679028432466 7.5e-05 149
1679030003993 7.5e-05 150
1679031576314 7.5e-05 151
1679033148298 7.5e-05 152
1679034720652 7.5e-05 153
1679036293077 7.5e-05 154
1679037864888 7.5e-05 155
1679039437589 7.5e-05 156
1679041010037 7.5e-05 157
1679042582094 7.5e-05 158
1679044154732 7.5e-05 159
1679045727963 7.5e-05 160
1679047299945 7.5e-05 161
1679048872370 7.5e-05 162
1679050443947 7.5e-05 163
1679052016439 7.5e-05 164
1679053589006 7.5e-05 165
1679055161139 7.5e-05 166
1679056733400 7.5e-05 167
1679058306116 7.5e-05 168
1679059878199 7.5e-05 169
1679061450933 7.5e-05 170
1679063023981 7.5e-05 171
1679064596023 7.5e-05 172
1679066169123 7.5e-05 173
1679067742115 7.5e-05 174
1679069314054 7.5e-05 175
1679070887082 7.5e-05 176
1679072458894 7.5e-05 177
1679074031648 7.5e-05 178
1679075604498 7.5e-05 179
1679077176532 7.5e-05 180
1679078749265 7.5e-05 181
1679080321891 7.5e-05 182
1679081894233 7.5e-05 183
1679083466898 7.5e-05 184
1679085039802 7.5e-05 185
1679086611664 7.5e-05 186
1679088184299 7.5e-05 187
1679089756221 7.5e-05 188
1679091329017 7.5e-05 189
1679092901805 7.5e-05 190
1679094473926 7.5e-05 191
1679096046753 7.5e-05 192
1679097619573 7.5e-05 193
1679099191719 7.5e-05 194
1679100764219 7.5e-05 195
1679102337030 7.5e-05 196
1679103909484 7.5e-05 197
1679105482281 7.5e-05 198
1679107054973 7.5e-05 199
1679108626596 7.5e-05 200
1679110199685 7.5e-05 201
1679111771585 7.5e-05 202
1679113344203 7.5e-05 203
1679114916609 7.5e-05 204
1679116488539 7.5e-05 205
1679118061009 7.5e-05 206
1679119633439 7.5e-05 207
1679121204894 7.5e-05 208
1679122777448 7.5e-05 209
1679124349830 7.5e-05 210
1679125921703 7.5e-05 211
1679127494109 7.5e-05 212
1679129066025 7.5e-05 213
1679130638341 7.5e-05 214
1679132210787 7.5e-05 215
1679133782526 7.5e-05 216
1679135354796 7.5e-05 217
1679136927249 7.5e-05 218
1679138499329 7.5e-05 219
1679140072013 7.5e-05 220
1679141644733 7.5e-05 221
1679143216599 7.5e-05 222
1679144789148 7.5e-05 223
1679146361637 7.5e-05 224
1679147933504 7.5e-05 225
1679149505900 7.5e-05 226
1679151077735 7.5e-05 227
1679152650303 7.5e-05 228
1679154223006 7.5e-05 229
1679155795044 7.5e-05 230
1679157368160 7.5e-05 231
1679158940554 7.5e-05 232
