1678790047086 1.0010075569152832 0
1678791749297 0.6419644951820374 1
1678793350413 0.4102960228919983 2
1678795020724 0.2741868197917938 3
1678796586326 0.19608668982982635 4
1678798244967 0.14855359494686127 5
1678799810875 0.11936910450458527 6
1678801463015 0.10084280371665955 7
1678803029274 0.08703047782182693 8
1678804702270 0.07781989872455597 9
1678806268793 0.07021130621433258 10
1678807927370 0.06436247378587723 11
1678809494356 0.06042124330997467 12
1678811153944 0.056597501039505005 13
1678812721660 0.053383417427539825 14
1678814392397 0.05087786167860031 15
1678815958627 0.04848145321011543 16
1678817625148 0.04639885947108269 17
1678819192392 0.04471863806247711 18
1678820855650 0.04294784367084503 19
1678822423339 0.041704073548316956 20
1678824097557 0.040125228464603424 21
1678825663894 0.03903752192854881 22
1678827342425 0.03823816031217575 23
1678828908775 0.03695399686694145 24
1678830570885 0.036311957985162735 25
1678832137551 0.03529941290616989 26
1678833809123 0.034565143287181854 27
1678835376026 0.03367108851671219 28
1678837055357 0.03308112174272537 29
1678838621382 0.032487764954566956 30
1678840283605 0.03187431022524834 31
1678841850237 0.031383268535137177 32
1678843521069 0.030520282685756683 33
1678845087921 0.030365943908691406 34
1678846768000 0.029644468799233437 35
1678848333911 0.029217302799224854 36
1678849999146 0.02885572798550129 37
1678851565372 0.028577446937561035 38
1678853236168 0.028000900521874428 39
1678854803782 0.027661213651299477 40
1678856481805 0.02729182504117489 41
1678858047661 0.02698875218629837 42
1678859706044 0.02661803737282753 43
1678861271616 0.02630368247628212 44
1678862946350 0.0260632261633873 45
1678864512394 0.025599608197808266 46
1678866190609 0.025324231013655663 47
1678867756416 0.025272183120250702 48
1678869417680 0.02480512484908104 49
1678870983376 0.024698976427316666 50
1678872655125 0.024374760687351227 51
1678874220178 0.024151405319571495 52
1678875899389 0.023945316672325134 53
1678877465163 0.023697610944509506 54
1678879127985 0.02345540001988411 55
1678880694082 0.023271163925528526 56
1678882368563 0.023235801607370377 57
1678883933847 0.022936556488275528 58
1678885616250 0.022869780659675598 59
1678887182389 0.02250022441148758 60
1678888842328 0.022419100627303123 61
1678890408589 0.02225058525800705 62
1678892076030 0.022098615765571594 63
1678893642223 0.021916354075074196 64
1678895325185 0.021828526630997658 65
1678896890426 0.021625973284244537 66
1678898554305 0.021458813920617104 67
1678900120472 0.02129802480340004 68
1678901793644 0.02125057950615883 69
1678903359966 0.02112804353237152 70
1678905037920 0.020856034010648727 71
1678906603431 0.020732512697577477 72
1678908267288 0.020767509937286377 73
1678909833475 0.020575830712914467 74
1678911507600 0.020510341972112656 75
1678913074020 0.020935069769620895 76
1678914752904 0.020194487646222115 77
1678916320350 0.02000858262181282 78
1678917886846 0.019960088655352592 79
1678919453134 0.019860651344060898 80
1678921162528 0.019848767668008804 81
1678922729910 0.01973588578402996 82
1678924411626 0.019550912082195282 83
1678925978243 0.01971537061035633 84
1678927643804 0.019353386014699936 85
1678929209430 0.019315073266625404 86
1678930886148 0.01925833895802498 87
1678932451938 0.019127337262034416 88
1678934130092 0.019089119508862495 89
1678935696346 0.01892867684364319 90
1678937359036 0.019669989123940468 91
1678938925307 0.0187359731644392 92
1678940598310 0.018586207181215286 93
1678942163855 0.018651843070983887 94
1678943730244 0.018701041117310524 95
1678945297120 0.018501464277505875 96
1678946960879 0.018420835956931114 97
1678948525972 0.020291807129979134 98
1678950090155 0.019652802497148514 99
1678951654246 0.019153865054249763 100
1678953218824 0.019653232768177986 101
1678954782954 0.018793219700455666 102
1678956346660 0.018618829548358917 103
1678957911101 0.01842210628092289 104
1678959474431 0.018354719504714012 105
1678961038625 0.018601324409246445 106
1678962603155 0.018095891922712326 107
1678964167691 0.018112346529960632 108
1678965732956 0.018213428556919098 109
1678967298397 0.017605343833565712 110
1678968863142 0.017492348328232765 111
1678970428891 0.017476998269557953 112
1678971994036 0.01752331294119358 113
1678973560554 0.017551429569721222 114
1678975126833 0.017097923904657364 115
1678976693560 0.01697172224521637 116
1678978259204 0.01700444333255291 117
1678979824746 0.017128489911556244 118
1678981389564 0.01670329086482525 119
1678982954727 0.016721976920962334 120
1678984519238 0.01650131307542324 121
1678986083726 0.016453836113214493 122
1678987648807 0.016474198549985886 123
1678989214050 0.016290081664919853 124
1678990778251 0.0163209680467844 125
1678992343420 0.016201399266719818 126
1678993907925 0.016158269718289375 127
1678995473294 0.01632516272366047 128
1678997039315 0.0159395020455122 129
1678998603896 0.01588631048798561 130
1679000170445 0.015881409868597984 131
1679001736245 0.015838010236620903 132
1679003302125 0.01563931256532669 133
1679004868918 0.015925217419862747 134
1679006434440 0.015564068220555782 135
1679007999370 0.01553975697606802 136
1679009568947 0.01553663332015276 137
1679011140419 0.015462985262274742 138
1679012712864 0.015424130484461784 139
1679014284579 0.015482986345887184 140
1679015856436 0.015279675833880901 141
1679017428572 0.01527683436870575 142
1679019000946 0.015167826786637306 143
1679020572475 0.015130292624235153 144
1679022144551 0.015277852304279804 145
1679023716773 0.014997427351772785 146
1679025288177 0.014954430051147938 147
1679026860303 0.015024123713374138 148
1679028432466 0.014924731105566025 149
1679030003993 0.015586438588798046 150
1679031576314 0.014763048849999905 151
1679033148298 0.014729171991348267 152
1679034720652 0.01475004106760025 153
1679036293077 0.01473147701472044 154
1679037864888 0.01466152910143137 155
1679039437589 0.01467355526983738 156
1679041010037 0.01463623158633709 157
1679042582094 0.014489606954157352 158
1679044154732 0.014618157409131527 159
1679045727963 0.014485854655504227 160
1679047299945 0.014563199132680893 161
1679048872370 0.014418298378586769 162
1679050443947 0.014411666430532932 163
1679052016439 0.014352749101817608 164
1679053589006 0.014310513623058796 165
1679055161139 0.014257018454372883 166
1679056733400 0.014246953651309013 167
1679058306116 0.014208709821105003 168
1679059878199 0.014149962924420834 169
1679061450933 0.01421444583684206 170
1679063023981 0.014039488509297371 171
1679064596023 0.014035378582775593 172
1679066169123 0.014075914397835732 173
1679067742115 0.013978047296404839 174
1679069314054 0.013998090289533138 175
1679070887082 0.013942321762442589 176
1679072458894 0.013926534913480282 177
1679074031648 0.013905095867812634 178
1679075604498 0.013843622989952564 179
1679077176532 0.013816691003739834 180
1679078749265 0.013785111717879772 181
1679080321891 0.013777833431959152 182
1679081894233 0.013657351024448872 183
1679083466898 0.014107435941696167 184
1679085039802 0.013645409606397152 185
1679086611664 0.013724162243306637 186
1679088184299 0.013660838827490807 187
1679089756221 0.013566355220973492 188
1679091329017 0.013580582104623318 189
1679092901805 0.01357242837548256 190
1679094473926 0.013509192503988743 191
1679096046753 0.013515498489141464 192
1679097619573 0.01345881074666977 193
1679099191719 0.013442791067063808 194
1679100764219 0.013464692048728466 195
1679102337030 0.013346133753657341 196
1679103909484 0.013346708379685879 197
1679105482281 0.013398428447544575 198
1679107054973 0.01329484861344099 199
1679108626596 0.013339817523956299 200
1679110199685 0.013262294232845306 201
1679111771585 0.013236683793365955 202
1679113344203 0.013584800064563751 203
1679114916609 0.01327176857739687 204
1679116488539 0.013393609784543514 205
1679118061009 0.013152789324522018 206
1679119633439 0.013157679699361324 207
1679121204894 0.01304803229868412 208
1679122777448 0.013199718669056892 209
1679124349830 0.01307719200849533 210
1679125921703 0.013017852790653706 211
1679127494109 0.013088837265968323 212
1679129066025 0.013003882952034473 213
1679130638341 0.013008409179747105 214
1679132210787 0.01300033275038004 215
1679133782526 0.012930409051477909 216
1679135354796 0.013199283741414547 217
1679136927249 0.012858145870268345 218
1679138499329 0.012849103659391403 219
1679140072013 0.012932551093399525 220
1679141644733 0.012800299562513828 221
1679143216599 0.012785600498318672 222
1679144789148 0.012875461019575596 223
1679146361637 0.012767232954502106 224
1679147933504 0.01280608307570219 225
1679149505900 0.012751003727316856 226
1679151077735 0.012737594544887543 227
1679152650303 0.01271574106067419 228
1679154223006 0.012683079577982426 229
1679155795044 0.012646476738154888 230
1679157368160 0.012667353264987469 231
1679158940554 0.01266033947467804 232
