1674682726548 2.056138515472412 0
1674683555104 2.0113654136657715 1
1674684387118 1.9796617031097412 2
1674685215723 1.9505630731582642 3
1674686044004 1.9286187887191772 4
1674686873965 1.9087684154510498 5
1674687701932 1.8927134275436401 6
1674688531085 1.8772212266921997 7
1674689361827 1.8653082847595215 8
1674690190713 1.8552937507629395 9
1674691020400 1.8467700481414795 10
1674691849962 1.836747407913208 11
1674692677578 1.8277338743209839 12
1674693506558 1.8231539726257324 13
1674694337053 1.8166308403015137 14
1674695168798 1.8091732263565063 15
1674695997065 1.802701473236084 16
1674696825400 1.801397681236267 17
1674697568442 1.813724160194397 18
1674698311475 1.8151941299438477 19
1674699141655 1.793938159942627 20
1674699972179 1.7891780138015747 21
1674700801707 1.7861857414245605 22
1674701631398 1.7809193134307861 23
1674702374787 1.8224809169769287 24
1674703118151 1.823829174041748 25
1674703861831 1.832979679107666 26
1674704605246 1.816096305847168 27
1674705348188 1.8157310485839844 28
1674706091553 1.8152265548706055 29
1674706834283 1.8088667392730713 30
1674707577856 1.803825855255127 31
1674708320937 1.8084203004837036 32
1674709064681 1.8077399730682373 33
1674709807878 1.8078439235687256 34
1674710550834 1.8045555353164673 35
1674711294412 1.8060212135314941 36
1674712037715 1.8001644611358643 37
1674712781376 1.7963687181472778 38
1674713524853 1.802646517753601 39
1674714268802 1.8034172058105469 40
1674715012530 1.8561761379241943 41
1674715756131 1.8228706121444702 42
1674716499064 1.8164818286895752 43
1674717243192 1.8125855922698975 44
1674717986692 1.8108972311019897 45
1674718730202 1.8038326501846313 46
1674719474167 1.80423903465271 47
1674720217858 1.7996782064437866 48
1674720962118 1.7944183349609375 49
1674721705745 1.8041987419128418 50
1674722449626 1.8031328916549683 51
1674723193153 1.8165204524993896 52
1674723936945 1.810816764831543 53
1674724680298 1.8193964958190918 54
1674725423698 1.8211032152175903 55
1674726167621 1.819984793663025 56
1674726910967 1.8197886943817139 57
1674727655059 1.8151240348815918 58
1674728398733 1.8150897026062012 59
1674729142326 1.812595248222351 60
1674729885816 1.8156377077102661 61
1674730630306 1.8102270364761353 62
1674731374456 1.812199354171753 63
1674732118079 1.811529517173767 64
1674732862765 1.8095229864120483 65
1674733607046 1.8107140064239502 66
1674734351607 1.8082538843154907 67
1674735095568 1.80973482131958 68
1674735839705 1.8170297145843506 69
1674736582990 1.8191511631011963 70
1674737327241 1.8160467147827148 71
1674738071047 1.8145997524261475 72
1674738814062 1.8156254291534424 73
1674739558076 1.8147419691085815 74
1674740301225 1.8130580186843872 75
1674741045260 1.8128641843795776 76
1674741788606 1.8107877969741821 77
1674742532617 1.8100416660308838 78
1674743275607 1.811645269393921 79
1674744019222 1.8119938373565674 80
1674744763271 1.809036374092102 81
1674745507211 1.805588722229004 82
1674746251309 1.807204246520996 83
1674746995085 1.80226731300354 84
1674747739446 1.8121299743652344 85
1674748483644 1.8096431493759155 86
1674749227465 1.8180983066558838 87
1674749971334 1.8074679374694824 88
1674750715800 1.8055778741836548 89
1674751460589 1.8007631301879883 90
1674752205191 1.797867774963379 91
1674752949279 1.7982337474822998 92
1674753693063 1.797602891921997 93
1674754436999 1.8025610446929932 94
1674755180616 1.802422285079956 95
1674755923259 1.8019909858703613 96
1674756666369 1.7965048551559448 97
1674757409667 1.7955946922302246 98
1674758152899 1.791658639907837 99
1674758896759 1.7876852750778198 100
1674759639728 1.7840896844863892 101
1674760382832 1.7960869073867798 102
1674761126082 1.7859665155410767 103
1674761957508 1.7778351306915283 104
1674762700117 1.7905668020248413 105
1674763443280 1.7825604677200317 106
1674764186315 1.782598853111267 107
1674764932447 1.8010424375534058 108
1674765678885 1.7882951498031616 109
1674766425360 1.7832201719284058 110
1674767171980 1.7806341648101807 111
