1674682726548 3.3863136768341064 0
1674683555104 3.17681884765625 1
1674684387118 3.063662052154541 2
1674685215723 2.990133285522461 3
1674686044004 2.9202053546905518 4
1674686873965 2.8667614459991455 5
1674687701932 2.826587200164795 6
1674688531085 2.804990768432617 7
1674689361827 2.7809910774230957 8
1674690190713 2.737224817276001 9
1674691020400 2.7133893966674805 10
1674691849962 2.6857781410217285 11
1674692677578 2.6577136516571045 12
1674693506558 2.6351470947265625 13
1674694337053 2.6013834476470947 14
1674695168798 2.5974771976470947 15
1674695997065 2.5804975032806396 16
1674696825400 2.580286741256714 17
1674697568442 2.57230281829834 18
1674698311475 2.559964179992676 19
1674699141655 2.5267422199249268 20
1674699972179 2.5063881874084473 21
1674700801707 2.4869375228881836 22
1674701631398 2.4609389305114746 23
1674702374787 2.547009229660034 24
1674703118151 2.5427768230438232 25
1674703861831 2.5430657863616943 26
1674704605246 2.558162212371826 27
1674705348188 2.571190118789673 28
1674706091553 2.5450315475463867 29
1674706834283 2.506148338317871 30
1674707577856 2.529327630996704 31
1674708320937 2.4990434646606445 32
1674709064681 2.5050625801086426 33
1674709807878 2.508699655532837 34
1674710550834 2.479686975479126 35
1674711294412 2.4711623191833496 36
1674712037715 2.4604759216308594 37
1674712781376 2.459949493408203 38
1674713524853 2.437307834625244 39
1674714268802 2.441053867340088 40
1674715012530 2.483245849609375 41
1674715756131 2.450465202331543 42
1674716499064 2.453684091567993 43
1674717243192 2.4291329383850098 44
1674717986692 2.421152353286743 45
1674718730202 2.3955607414245605 46
1674719474167 2.3976383209228516 47
1674720217858 2.3907227516174316 48
1674720962118 2.3745510578155518 49
1674721705745 2.397907018661499 50
1674722449626 2.386882781982422 51
1674723193153 2.426886796951294 52
1674723936945 2.381453037261963 53
1674724680298 2.392998456954956 54
1674725423698 2.376662492752075 55
1674726167621 2.374161720275879 56
1674726910967 2.3675169944763184 57
1674727655059 2.346949815750122 58
1674728398733 2.355311155319214 59
1674729142326 2.3482980728149414 60
1674729885816 2.357020139694214 61
1674730630306 2.333345413208008 62
1674731374456 2.331799030303955 63
1674732118079 2.3278794288635254 64
1674732862765 2.315563440322876 65
1674733607046 2.312295436859131 66
1674734351607 2.296053647994995 67
1674735095568 2.31491756439209 68
1674735839705 2.3241448402404785 69
1674736582990 2.317415714263916 70
1674737327241 2.3009161949157715 71
1674738071047 2.2953476905822754 72
1674738814062 2.2982535362243652 73
1674739558076 2.281494379043579 74
1674740301225 2.2840819358825684 75
1674741045260 2.27040958404541 76
1674741788606 2.276153564453125 77
1674742532617 2.292691469192505 78
1674743275607 2.2791671752929688 79
1674744019222 2.271754741668701 80
1674744763271 2.253018856048584 81
1674745507211 2.265211582183838 82
1674746251309 2.2482967376708984 83
1674746995085 2.2472267150878906 84
1674747739446 2.246800422668457 85
1674748483644 2.2482619285583496 86
1674749227465 2.275053024291992 87
1674749971334 2.2470200061798096 88
1674750715800 2.2482917308807373 89
1674751460589 2.233950614929199 90
1674752205191 2.227163791656494 91
1674752949279 2.2274937629699707 92
1674753693063 2.217021942138672 93
1674754436999 2.232102155685425 94
1674755180616 2.240450859069824 95
1674755923259 2.247645854949951 96
1674756666369 2.2144370079040527 97
1674757409667 2.2183027267456055 98
1674758152899 2.212280511856079 99
1674758896759 2.2045035362243652 100
1674759639728 2.1949620246887207 101
1674760382832 2.2106521129608154 102
1674761126082 2.198425531387329 103
1674761957508 2.192206859588623 104
1674762700117 2.2050275802612305 105
1674763443280 2.185622215270996 106
1674764186315 2.183680295944214 107
1674764932447 2.2108190059661865 108
1674765678885 2.1827902793884277 109
1674766425360 2.1766631603240967 110
1674767171980 2.1693837642669678 111
