1674682726548 1.3301714658737183 0
1674683555104 1.165452241897583 1
1674684387118 1.0840017795562744 2
1674685215723 1.0395703315734863 3
1674686044004 0.991585373878479 4
1674686873965 0.9579980969429016 5
1674687701932 0.933870792388916 6
1674688531085 0.9277678728103638 7
1674689361827 0.915682315826416 8
1674690190713 0.8819299340248108 9
1674691020400 0.866620659828186 10
1674691849962 0.849030613899231 11
1674692677578 0.8299797773361206 12
1674693506558 0.8119943737983704 13
1674694337053 0.7847487926483154 14
1674695168798 0.7883047461509705 15
1674695997065 0.7777960896492004 16
1674696825400 0.7788888812065125 17
1674697568442 0.7585781812667847 18
1674698311475 0.7447689175605774 19
1674699141655 0.7328044176101685 20
1674699972179 0.7172110080718994 21
1674700801707 0.7007533311843872 22
1674701631398 0.6800180673599243 23
1674702374787 0.7245279550552368 24
1674703118151 0.7189483046531677 25
1674703861831 0.7100870013237 26
1674704605246 0.7420665621757507 27
1674705348188 0.7554582357406616 28
1674706091553 0.7298064231872559 29
1674706834283 0.6972810626029968 30
1674707577856 0.7255021929740906 31
1674708320937 0.6906239986419678 32
1674709064681 0.6973222494125366 33
1674709807878 0.7008569836616516 34
1674710550834 0.6751323938369751 35
1674711294412 0.665141761302948 36
1674712037715 0.6603105664253235 37
1674712781376 0.6635790467262268 38
1674713524853 0.6346604824066162 39
1674714268802 0.6376365423202515 40
1674715012530 0.6270690560340881 41
1674715756131 0.6275945901870728 42
1674716499064 0.6372026801109314 43
1674717243192 0.6165462732315063 44
1674717986692 0.6102555394172668 45
1674718730202 0.591725766658783 46
1674719474167 0.5933996438980103 47
1674720217858 0.5910437107086182 48
1674720962118 0.5801324844360352 49
1674721705745 0.5937069058418274 50
1674722449626 0.5837497115135193 51
1674723193153 0.6103661060333252 52
1674723936945 0.570634663105011 53
1674724680298 0.5736019015312195 54
1674725423698 0.5555595755577087 55
1674726167621 0.5541777014732361 56
1674726910967 0.5477285981178284 57
1674727655059 0.5318261384963989 58
1674728398733 0.5402225852012634 59
1674729142326 0.5357014536857605 60
1674729885816 0.5413809418678284 61
1674730630306 0.523118793964386 62
1674731374456 0.5195989608764648 63
1674732118079 0.5163487195968628 64
1674732862765 0.5060405135154724 65
1674733607046 0.5015802979469299 66
1674734351607 0.4878001809120178 67
1674735095568 0.5051828026771545 68
1674735839705 0.5071170330047607 69
1674736582990 0.49826398491859436 70
1674737327241 0.48486968874931335 71
1674738071047 0.4807499647140503 72
1674738814062 0.48262879252433777 73
1674739558076 0.4667520821094513 74
1674740301225 0.47102442383766174 75
1674741045260 0.45754486322402954 76
1674741788606 0.46536627411842346 77
1674742532617 0.48264992237091064 78
1674743275607 0.4675234854221344 79
1674744019222 0.45976191759109497 80
1674744763271 0.4439825713634491 81
1674745507211 0.4596196711063385 82
1674746251309 0.44109171628952026 83
1674746995085 0.4449596405029297 84
1674747739446 0.4346696734428406 85
1674748483644 0.4386190176010132 86
1674749227465 0.4569562077522278 87
1674749971334 0.4395521283149719 88
1674750715800 0.4427153468132019 89
1674751460589 0.433185338973999 90
1674752205191 0.42929700016975403 91
1674752949279 0.42925965785980225 92
1674753693063 0.41941890120506287 93
1674754436999 0.4295424222946167 94
1674755180616 0.4380263090133667 95
1674755923259 0.44565439224243164 96
1674756666369 0.41793128848075867 97
1674757409667 0.42270827293395996 98
1674758152899 0.4206227958202362 99
1674758896759 0.4168175458908081 100
1674759639728 0.4108738303184509 101
1674760382832 0.41456520557403564 102
1674761126082 0.4124588370323181 103
1674761957508 0.41437146067619324 104
1674762700117 0.4144624173641205 105
1674763443280 0.40306204557418823 106
1674764186315 0.40108123421669006 107
1674764932447 0.4097746014595032 108
1674765678885 0.39449578523635864 109
1674766425360 0.39344456791877747 110
1674767171980 0.3887483477592468 111
