1676142159324 2.025320291519165 0
1676143771177 1.797170877456665 1
1676145372895 1.6782848834991455 2
1676147019418 1.619577407836914 3
1676148581392 1.566369652748108 4
1676150143259 1.5316394567489624 5
1676151705264 1.5004308223724365 6
1676153355049 1.4623615741729736 7
1676154916232 1.442794680595398 8
1676156478323 1.4117157459259033 9
1676158040304 1.384358286857605 10
1676159686265 1.3648520708084106 11
1676161248501 1.3408421277999878 12
1676162809991 1.3215811252593994 13
1676164372286 1.3048782348632812 14
1676166016381 1.2865417003631592 15
1676167577995 1.2740436792373657 16
1676169140491 1.2580434083938599 17
1676170703037 1.2384437322616577 18
1676172350640 1.229411005973816 19
1676173912912 1.21821129322052 20
1676175475410 1.2025963068008423 21
1676177036826 1.1962716579437256 22
1676178684286 1.1848104000091553 23
1676180246315 1.171167254447937 24
1676181808209 1.1683744192123413 25
1676183370582 1.1591451168060303 26
1676185015638 1.1497271060943604 27
1676186578136 1.1483802795410156 28
1676188140553 1.1336151361465454 29
1676189702192 1.1331565380096436 30
1676191348101 1.12666916847229 31
1676192910549 1.1127095222473145 32
1676194472593 1.1152700185775757 33
1676196035529 1.1040786504745483 34
1676197682487 1.0986288785934448 35
1676199244202 1.0966274738311768 36
1676200806852 1.088642954826355 37
1676202369269 1.087249517440796 38
1676204017895 1.0807151794433594 39
1676205580736 1.0731043815612793 40
1676207143482 1.0722864866256714 41
1676208706939 1.0668874979019165 42
1676210354469 1.0601388216018677 43
1676211917277 1.0595030784606934 44
1676213481016 1.0564303398132324 45
1676215044826 1.0472795963287354 46
1676216691388 1.0485223531723022 47
1676218254262 1.043972134590149 48
1676219817102 1.0374025106430054 49
1676221379674 1.0364962816238403 50
1676223023682 1.0337913036346436 51
1676224587329 1.0306215286254883 52
1676226151931 1.0248156785964966 53
1676227716532 1.0208828449249268 54
1676229365329 1.0188956260681152 55
1676230929342 1.0183783769607544 56
1676232493556 1.0115621089935303 57
1676234057187 1.010369896888733 58
1676235704878 1.0049598217010498 59
1676237268959 1.0023398399353027 60
1676238832709 0.9998784065246582 61
1676240397197 0.9965855479240417 62
1676242045649 0.9956076145172119 63
1676243609738 0.9930059313774109 64
1676245174226 0.9885016679763794 65
1676246737108 0.987018346786499 66
1676248384152 0.9858067631721497 67
1676249948042 0.9794667959213257 68
1676251511474 0.9794928431510925 69
1676253075328 0.976931631565094 70
1676254724036 0.9709016680717468 71
1676256287027 0.9747765064239502 72
1676257850930 0.9660856127738953 73
1676259414813 0.961560845375061 74
1676261061247 0.9655347466468811 75
1676262624620 0.9619123339653015 76
1676264187669 0.961592972278595 77
1676265751338 0.9571661353111267 78
1676267402575 0.9518280029296875 79
1676268965440 0.953365683555603 80
1676270528792 0.9519348740577698 81
1676272092544 0.9451066851615906 82
1676273738588 0.9485540390014648 83
1676275302360 0.9444831609725952 84
1676276866511 0.9386222958564758 85
1676278429674 0.9381999969482422 86
1676280078207 0.9344131946563721 87
1676281641045 0.9370215535163879 88
1676283204780 0.9297046065330505 89
1676284768740 0.9312520623207092 90
1676286417280 0.9320081472396851 91
1676287980634 0.9275701642036438 92
1676289544367 0.9215617179870605 93
1676291107614 0.9230049848556519 94
1676292756587 0.920157253742218 95
1676294319811 0.9159383773803711 96
1676295882903 0.9167424440383911 97
