1676142159324 2.990467071533203 0
1676143771177 2.422884941101074 1
1676145372895 2.082512617111206 2
1676147019418 1.8917649984359741 3
1676148581392 1.759516954421997 4
1676150143259 1.6790846586227417 5
1676151705264 1.6184049844741821 6
1676153355049 1.5622763633728027 7
1676154916232 1.5302848815917969 8
1676156478323 1.4885382652282715 9
1676158040304 1.4547523260116577 10
1676159686265 1.4298725128173828 11
1676161248501 1.400742769241333 12
1676162809991 1.3783811330795288 13
1676164372286 1.3584644794464111 14
1676166016381 1.3374924659729004 15
1676167577995 1.322576642036438 16
1676169140491 1.3044252395629883 17
1676170703037 1.2831780910491943 18
1676172350640 1.2725993394851685 19
1676173912912 1.2594761848449707 20
1676175475410 1.2430076599121094 21
1676177036826 1.2354316711425781 22
1676178684286 1.2224574089050293 23
1676180246315 1.2081037759780884 24
1676181808209 1.2043377161026 25
1676183370582 1.1941590309143066 26
1676185015638 1.1840723752975464 27
1676186578136 1.181877851486206 28
1676188140553 1.1664705276489258 29
1676189702192 1.1654642820358276 30
1676191348101 1.1580301523208618 31
1676192910549 1.143782377243042 32
1676194472593 1.145904541015625 33
1676196035529 1.1337836980819702 34
1676197682487 1.128177285194397 35
1676199244202 1.1257342100143433 36
1676200806852 1.1169947385787964 37
1676202369269 1.1154574155807495 38
1676204017895 1.1084246635437012 39
1676205580736 1.100576400756836 40
1676207143482 1.0992238521575928 41
1676208706939 1.093394160270691 42
1676210354469 1.0865575075149536 43
1676211917277 1.0855368375778198 44
1676213481016 1.08188796043396 45
1676215044826 1.0728906393051147 46
1676216691388 1.073660969734192 47
1676218254262 1.068834900856018 48
1676219817102 1.0620334148406982 49
1676221379674 1.0607846975326538 50
1676223023682 1.057885766029358 51
1676224587329 1.0544968843460083 52
1676226151931 1.0484250783920288 53
1676227716532 1.044415831565857 54
1676229365329 1.0421721935272217 55
1676230929342 1.0412884950637817 56
1676232493556 1.0345838069915771 57
1676234057187 1.0332566499710083 58
1676235704878 1.0272589921951294 59
1676237268959 1.0247775316238403 60
1676238832709 1.0220232009887695 61
1676240397197 1.0184438228607178 62
1676242045649 1.0175089836120605 63
1676243609738 1.0146939754486084 64
1676245174226 1.0100815296173096 65
1676246737108 1.0083894729614258 66
1676248384152 1.0069730281829834 67
1676249948042 1.0008082389831543 68
1676251511474 1.000434160232544 69
1676253075328 0.9976307153701782 70
1676254724036 0.9917439818382263 71
1676256287027 0.9953879714012146 72
1676257850930 0.9865862727165222 73
1676259414813 0.9819715619087219 74
1676261061247 0.9858718514442444 75
1676262624620 0.9820517897605896 76
1676264187669 0.9819689989089966 77
1676265751338 0.9770240187644958 78
1676267402575 0.9716261029243469 79
1676268965440 0.9730812311172485 80
1676270528792 0.9715375900268555 81
1676272092544 0.9646772742271423 82
1676273738588 0.9680820107460022 83
1676275302360 0.9639056324958801 84
1676276866511 0.9579792022705078 85
1676278429674 0.9573479890823364 86
1676280078207 0.9534438252449036 87
1676281641045 0.9561159014701843 88
1676283204780 0.9485849142074585 89
1676284768740 0.9502030611038208 90
1676286417280 0.9509015083312988 91
1676287980634 0.9461891651153564 92
1676289544367 0.94024658203125 93
1676291107614 0.9415695071220398 94
1676292756587 0.9384400844573975 95
1676294319811 0.9345465302467346 96
1676295882903 0.9349756240844727 97
