1676142159324 6e-06 0
1676143771177 1.4625e-05 1
1676145372895 2.325e-05 2
1676147019418 3.1875003e-05 3
1676148581392 4.0500003e-05 4
1676150143259 4.9125003e-05 5
1676151705264 5.7750003e-05 6
1676153355049 6.6375e-05 7
1676154916232 7.5e-05 8
1676156478323 7.5e-05 9
1676158040304 7.5e-05 10
1676159686265 7.5e-05 11
1676161248501 7.5e-05 12
1676162809991 7.5e-05 13
1676164372286 7.5e-05 14
1676166016381 7.5e-05 15
1676167577995 7.5e-05 16
1676169140491 7.5e-05 17
1676170703037 7.5e-05 18
1676172350640 7.5e-05 19
1676173912912 7.5e-05 20
1676175475410 7.5e-05 21
1676177036826 7.5e-05 22
1676178684286 7.5e-05 23
1676180246315 7.5e-05 24
1676181808209 7.5e-05 25
1676183370582 7.5e-05 26
1676185015638 7.5e-05 27
1676186578136 7.5e-05 28
1676188140553 7.5e-05 29
1676189702192 7.5e-05 30
1676191348101 7.5e-05 31
1676192910549 7.5e-05 32
1676194472593 7.5e-05 33
1676196035529 7.5e-05 34
1676197682487 7.5e-05 35
1676199244202 7.5e-05 36
1676200806852 7.5e-05 37
1676202369269 7.5e-05 38
1676204017895 7.5e-05 39
1676205580736 7.5e-05 40
1676207143482 7.5e-05 41
1676208706939 7.5e-05 42
1676210354469 7.5e-05 43
1676211917277 7.5e-05 44
1676213481016 7.5e-05 45
1676215044826 7.5e-05 46
1676216691388 7.5e-05 47
1676218254262 7.5e-05 48
1676219817102 7.5e-05 49
1676221379674 7.5e-05 50
1676223023682 7.5e-05 51
1676224587329 7.5e-05 52
1676226151931 7.5e-05 53
1676227716532 7.5e-05 54
1676229365329 7.5e-05 55
1676230929342 7.5e-05 56
1676232493556 7.5e-05 57
1676234057187 7.5e-05 58
1676235704878 7.5e-05 59
1676237268959 7.5e-05 60
1676238832709 7.5e-05 61
1676240397197 7.5e-05 62
1676242045649 7.5e-05 63
1676243609738 7.5e-05 64
1676245174226 7.5e-05 65
1676246737108 7.5e-05 66
1676248384152 7.5e-05 67
1676249948042 7.5e-05 68
1676251511474 7.5e-05 69
1676253075328 7.5e-05 70
1676254724036 7.5e-05 71
1676256287027 7.5e-05 72
1676257850930 7.5e-05 73
1676259414813 7.5e-05 74
1676261061247 7.5e-05 75
1676262624620 7.5e-05 76
1676264187669 7.5e-05 77
1676265751338 7.5e-05 78
1676267402575 7.5e-05 79
1676268965440 7.5e-05 80
1676270528792 7.5e-05 81
1676272092544 7.5e-05 82
1676273738588 7.5e-05 83
1676275302360 7.5e-05 84
1676276866511 7.5e-05 85
1676278429674 7.5e-05 86
1676280078207 7.5e-05 87
1676281641045 7.5e-05 88
1676283204780 7.5e-05 89
1676284768740 7.5e-05 90
1676286417280 7.5e-05 91
1676287980634 7.5e-05 92
1676289544367 7.5e-05 93
1676291107614 7.5e-05 94
1676292756587 7.5e-05 95
1676294319811 7.5e-05 96
1676295882903 7.5e-05 97
