1676142159324 0.9651468992233276 0
1676143771177 0.6257178783416748 1
1676145372895 0.40422743558883667 2
1676147019418 0.27218759059906006 3
1676148581392 0.19314990937709808 4
1676150143259 0.14744257926940918 5
1676151705264 0.11797299236059189 6
1676153355049 0.09991459548473358 7
1676154916232 0.08749008923768997 8
1676156478323 0.07682246714830399 9
1676158040304 0.07039402425289154 10
1676159686265 0.06501787900924683 11
1676161248501 0.059902340173721313 12
1676162809991 0.05680066719651222 13
1676164372286 0.05358565226197243 14
1676166016381 0.050950758159160614 15
1676167577995 0.04853403940796852 16
1676169140491 0.046381499618291855 17
1676170703037 0.04473409801721573 18
1676172350640 0.04318869113922119 19
1676173912912 0.04126409813761711 20
1676175475410 0.040411293506622314 21
1676177036826 0.03916001692414284 22
1676178684286 0.037647344172000885 23
1676180246315 0.03693631291389465 24
1676181808209 0.0359630212187767 25
1676183370582 0.03501439839601517 26
1676185015638 0.03434598073363304 27
1676186578136 0.0334983766078949 28
1676188140553 0.0328550785779953 29
1676189702192 0.03230699524283409 30
1676191348101 0.031361594796180725 31
1676192910549 0.031072307378053665 32
1676194472593 0.03063621185719967 33
1676196035529 0.029705915600061417 34
1676197682487 0.029547760263085365 35
1676199244202 0.029106805101037025 36
1676200806852 0.02835077978670597 37
1676202369269 0.0282087791711092 38
1676204017895 0.027708683162927628 39
1676205580736 0.02747263014316559 40
1676207143482 0.026936402544379234 41
1676208706939 0.026506418362259865 42
1676210354469 0.02641778066754341 43
1676211917277 0.026033861562609673 44
1676213481016 0.025457700714468956 45
1676215044826 0.02561076357960701 46
1676216691388 0.025138935074210167 47
1676218254262 0.02486284077167511 48
1676219817102 0.024630699306726456 49
1676221379674 0.024288585409522057 50
1676223023682 0.024093355983495712 51
1676224587329 0.02387535572052002 52
1676226151931 0.023609386757016182 53
1676227716532 0.02353198081254959 54
1676229365329 0.023276641964912415 55
1676230929342 0.022908972576260567 56
1676232493556 0.023021209985017776 57
1676234057187 0.02288687787950039 58
1676235704878 0.02229839749634266 59
1676237268959 0.02243654988706112 60
1676238832709 0.022145476192235947 61
1676240397197 0.021858980879187584 62
1676242045649 0.021900737658143044 63
1676243609738 0.021687427535653114 64
1676245174226 0.021579943597316742 65
1676246737108 0.02137112244963646 66
1676248384152 0.021166924387216568 67
1676249948042 0.021342137828469276 68
1676251511474 0.02094084955751896 69
1676253075328 0.020698418840765953 70
1676254724036 0.020843232050538063 71
1676256287027 0.020611472427845 72
1676257850930 0.020501531660556793 73
1676259414813 0.02041061781346798 74
1676261061247 0.02033693715929985 75
1676262624620 0.02013951912522316 76
1676264187669 0.02037642151117325 77
1676265751338 0.01985654979944229 78
1676267402575 0.019798625260591507 79
1676268965440 0.019715704023838043 80
1676270528792 0.019601821899414062 81
1676272092544 0.019571082666516304 82
1676273738588 0.019527649506926537 83
1676275302360 0.01942216046154499 84
1676276866511 0.019356168806552887 85
1676278429674 0.019147023558616638 86
1676280078207 0.01903054118156433 87
1676281641045 0.0190941970795393 88
1676283204780 0.018879486247897148 89
1676284768740 0.01895071752369404 90
1676286417280 0.018892761319875717 91
1676287980634 0.018618566915392876 92
1676289544367 0.01868525519967079 93
1676291107614 0.01856510527431965 94
1676292756587 0.018282972276210785 95
1676294319811 0.018608519807457924 96
1676295882903 0.018233638256788254 97
