1674670667297 2.1447973251342773 0
1674671427405 2.1238224506378174 1
1674672188785 2.110691785812378 2
1674672949889 2.099128007888794 3
1674673711580 2.0908968448638916 4
1674674473372 2.0837242603302 5
1674675234179 2.0733141899108887 6
1674675995170 2.0656800270080566 7
1674676755443 2.055837631225586 8
1674677516200 2.0490758419036865 9
1674678276327 2.043675661087036 10
1674679036872 2.0368919372558594 11
1674679796909 2.0267245769500732 12
1674680557632 2.023500442504883 13
1674681318082 2.0144269466400146 14
