1674670667297 3.377596139907837 0
1674671427405 3.2181060314178467 1
1674672188785 3.1346542835235596 2
1674672949889 3.0699985027313232 3
1674673711580 3.0144050121307373 4
1674674473372 2.9825167655944824 5
1674675234179 2.943803310394287 6
1674675995170 2.9111669063568115 7
1674676755443 2.87715220451355 8
1674677516200 2.846696376800537 9
1674678276327 2.8112833499908447 10
1674679036872 2.786038875579834 11
1674679796909 2.7540392875671387 12
1674680557632 2.735041618347168 13
1674681318082 2.706141948699951 14
