1674670667297 1.2328002452850342 0
1674671427405 1.0942825078964233 1
1674672188785 1.0239624977111816 2
1674672949889 0.9708707928657532 3
1674673711580 0.9235080480575562 4
1674674473372 0.8987928032875061 5
1674675234179 0.8704893589019775 6
1674675995170 0.8454852104187012 7
1674676755443 0.8213143944740295 8
1674677516200 0.7976212501525879 9
1674678276327 0.7676063776016235 10
1674679036872 0.7491439580917358 11
1674679796909 0.7273156046867371 12
1674680557632 0.711540699005127 13
1674681318082 0.6917141675949097 14
