1676321484771 0.8837729692459106 0
1676322819833 0.8770179748535156 1
1676324059360 0.8745093941688538 2
1676325290139 0.8778469562530518 3
1676326485932 0.8855711221694946 4
1676327681156 0.898775041103363 5
1676328876541 0.9018974900245667 6
1676330072164 0.909072756767273 7
1676331268113 0.927587628364563 8
1676332464263 0.9238138198852539 9
1676333660079 0.922098696231842 10
1676334855348 0.9196792244911194 11
1676336051076 0.9246066808700562 12
1676337246698 0.9183378219604492 13
1676338442087 0.9145350456237793 14
1676339636703 0.9167249202728271 15
1676340832066 0.9186573624610901 16
1676342027826 0.9147746562957764 17
1676343223614 0.9055346250534058 18
1676344418790 0.9091057181358337 19
1676345614536 0.91044020652771 20
1676346809896 0.9120970964431763 21
1676348005288 0.9035478234291077 22
