1676321484771 0.9014856815338135 0
1676322819833 0.894802987575531 1
1676324059360 0.8922591209411621 2
1676325290139 0.895603358745575 3
1676326485932 0.9033313989639282 4
1676327681156 0.9168899655342102 5
1676328876541 0.9200255870819092 6
1676330072164 0.9272680878639221 7
1676331268113 0.9459481239318848 8
1676332464263 0.942263126373291 9
1676333660079 0.9405256509780884 10
1676334855348 0.937772274017334 11
1676336051076 0.9429501295089722 12
1676337246698 0.9365355968475342 13
1676338442087 0.9327220916748047 14
1676339636703 0.9349430799484253 15
1676340832066 0.9365992546081543 16
1676342027826 0.9329014420509338 17
1676343223614 0.9233450293540955 18
1676344418790 0.9269436597824097 19
1676345614536 0.9282236099243164 20
1676346809896 0.9299143552780151 21
1676348005288 0.921310544013977 22
