1676321484771 6e-06 0
1676322819833 1.4625e-05 1
1676324059360 2.325e-05 2
1676325290139 3.1875003e-05 3
1676326485932 4.0500003e-05 4
1676327681156 4.9125003e-05 5
1676328876541 5.7750003e-05 6
1676330072164 6.6375e-05 7
1676331268113 7.5e-05 8
1676332464263 7.5e-05 9
1676333660079 7.5e-05 10
1676334855348 7.5e-05 11
1676336051076 7.5e-05 12
1676337246698 7.5e-05 13
1676338442087 7.5e-05 14
1676339636703 7.5e-05 15
1676340832066 7.5e-05 16
1676342027826 7.5e-05 17
1676343223614 7.5e-05 18
1676344418790 7.5e-05 19
1676345614536 7.5e-05 20
1676346809896 7.5e-05 21
1676348005288 7.5e-05 22
