1676321484771 0.017712587490677834 0
1676322819833 0.01778445765376091 1
1676324059360 0.017750296741724014 2
1676325290139 0.017755847424268723 3
1676326485932 0.017760030925273895 4
1676327681156 0.01811516098678112 5
1676328876541 0.018128130584955215 6
1676330072164 0.018195590004324913 7
1676331268113 0.01836051233112812 8
1676332464263 0.018449796363711357 9
1676333660079 0.018426308408379555 10
1676334855348 0.018092984333634377 11
1676336051076 0.018341748043894768 12
1676337246698 0.018197545781731606 13
1676338442087 0.018185840919613838 14
1676339636703 0.018218692392110825 15
1676340832066 0.017942054197192192 16
1676342027826 0.018127094954252243 17
1676343223614 0.01781100407242775 18
1676344418790 0.017838288098573685 19
1676345614536 0.017782840877771378 20
1676346809896 0.017817120999097824 21
1676348005288 0.017762891948223114 22
