1679160992991 2.1214394569396973 0
1679162683414 2.047898769378662 1
1679164275056 1.9565993547439575 2
1679165926304 1.8754420280456543 3
1679167458438 1.8008687496185303 4
1679169119316 1.7302072048187256 5
1679170651898 1.6553736925125122 6
1679172300346 1.588782787322998 7
1679173832017 1.5308923721313477 8
1679175484241 1.4718244075775146 9
1679177017864 1.424883484840393 10
1679178670797 1.3802576065063477 11
1679180203419 1.3390806913375854 12
1679181856435 1.3079854249954224 13
1679183388425 1.2745757102966309 14
1679185037330 1.2474571466445923 15
1679186570424 1.2195945978164673 16
1679188220355 1.204587697982788 17
1679189753382 1.1765549182891846 18
1679191402879 1.1636838912963867 19
1679192935684 1.1442434787750244 20
1679194590128 1.1279122829437256 21
1679196122226 1.11526358127594 22
1679197777886 1.098799467086792 23
1679199310701 1.085419774055481 24
1679200961742 1.072344183921814 25
1679202494528 1.060333013534546 26
1679204145411 1.0451728105545044 27
1679205677741 1.0368767976760864 28
1679207330918 1.0260200500488281 29
1679208864254 1.0163005590438843 30
1679210516270 1.0048588514328003 31
1679212050370 0.9964519143104553 32
1679213702354 0.9858218431472778 33
1679215234734 0.9820528626441956 34
1679216884710 0.973167359828949 35
1679218417056 0.9685729742050171 36
1679220068807 0.955939531326294 37
1679221602406 0.9528908133506775 38
1679223256040 0.94711834192276 39
1679224789013 0.9356861710548401 40
1679226443298 0.9351273775100708 41
1679227975219 0.9300708174705505 42
1679229627374 0.9220108985900879 43
1679231160602 0.9144618511199951 44
1679232813105 0.9120540618896484 45
1679234345880 0.9054831862449646 46
1679235998639 0.8994504809379578 47
1679237530523 0.8944626450538635 48
1679239190090 0.8892367482185364 49
1679240723926 0.8925070762634277 50
1679242373451 0.8800303339958191 51
1679243908257 0.8734157681465149 52
1679245561503 0.8670201897621155 53
1679247094523 0.868456244468689 54
1679248747789 0.8578966856002808 55
1679250280244 0.8542152643203735 56
1679251931704 0.8490390181541443 57
1679253464745 0.8478698134422302 58
1679255117653 0.8402360081672668 59
1679256651044 0.8372697234153748 60
1679258300683 0.8305906653404236 61
1679259833014 0.8242517709732056 62
1679261487846 0.8187749981880188 63
1679263021173 0.8134322762489319 64
1679264669479 0.8134627342224121 65
1679266202796 0.8085092306137085 66
1679267847126 0.8006036281585693 67
1679269379541 0.7999380230903625 68
1679271030425 0.7907673716545105 69
1679272563321 0.788520872592926 70
1679274213127 0.7871099710464478 71
1679275746997 0.7823153734207153 72
1679277395408 0.7761304378509521 73
1679278927987 0.7723292112350464 74
1679280579802 0.7677240967750549 75
1679282111749 0.7628808617591858 76
1679283759699 0.7640490531921387 77
1679285292633 0.7561341524124146 78
1679286958358 0.7578123211860657 79
1679288491293 0.7500990629196167 80
1679290158379 0.7439407110214233 81
1679291690908 0.746796727180481 82
1679293346678 0.7373186945915222 83
1679294878795 0.7357300519943237 84
1679296530614 0.7309492230415344 85
1679298062785 0.7267386317253113 86
1679299712225 0.7264251112937927 87
1679301244483 0.7223853468894958 88
1679302899392 0.7140734195709229 89
1679304431447 0.7145400047302246 90
1679306089298 0.7070553302764893 91
1679307622004 0.704340398311615 92
1679309291981 0.7033425569534302 93
1679310825075 0.7014690041542053 94
1679312475085 0.6969453692436218 95
1679314007788 0.6930350661277771 96
1679315661728 0.6845945119857788 97
1679317195148 0.6836079359054565 98
1679318847540 0.6816130876541138 99
1679320381255 0.6776385307312012 100
1679322034105 0.6754833459854126 101
1679323566828 0.6715965867042542 102
1679325223034 0.6691746115684509 103
1679326756362 0.6655457019805908 104
1679328410055 0.6616742014884949 105
1679329943543 0.6572962403297424 106
1679331597105 0.6584201455116272 107
1679333129628 0.6531827449798584 108
1679334784356 0.6483827829360962 109
1679336317785 0.6487837433815002 110
1679337975780 0.6434871554374695 111
1679339509540 0.6411802768707275 112
1679341163287 0.6378316283226013 113
1679342696979 0.6361033916473389 114
1679344353487 0.6331800818443298 115
1679345886558 0.6320679783821106 116
1679347543220 0.6267517805099487 117
1679349077073 0.6240508556365967 118
1679350732533 0.6189565658569336 119
1679352266384 0.6181719303131104 120
1679353918974 0.610109806060791 121
1679355447056 0.6119744777679443 122
1679357094547 0.6092379689216614 123
1679358623152 0.6057812571525574 124
1679360274382 0.6078389286994934 125
1679361799656 0.600334644317627 126
1679363442875 0.5981775522232056 127
1679364967993 0.5973771810531616 128
1679366617324 0.589620053768158 129
1679368142473 0.5918518900871277 130
1679369668539 0.5904955267906189 131
1679371194606 0.5876935124397278 132
1679372837100 0.5842490792274475 133
1679374362804 0.5806877613067627 134
1679376007426 0.5781485438346863 135
1679377532632 0.5767820477485657 136
1679379177458 0.5722081661224365 137
1679380703284 0.5671887397766113 138
1679382349669 0.5645474195480347 139
1679383875541 0.5512241125106812 140
1679385522863 0.5428059697151184 141
1679387047981 0.5381460189819336 142
1679388694135 0.5239552855491638 143
1679390220125 0.5168713927268982 144
1679391866083 0.5151699781417847 145
1679393392453 0.5014100670814514 146
1679395035298 0.49980559945106506 147
1679396561810 0.4952540695667267 148
1679398209548 0.4938754141330719 149
1679399734983 0.49330946803092957 150
1679401261850 0.49483373761177063 151
1679402788712 0.49264371395111084 152
1679404436863 0.49368226528167725 153
1679405963768 0.4936813414096832 154
1679407613943 0.4926067292690277 155
1679409140236 0.49203893542289734 156
1679410791029 0.4921848475933075 157
1679412319598 0.4916767179965973 158
1679413972437 0.4910508990287781 159
1679415504246 0.49260663986206055 160
1679417147908 0.48986315727233887 161
1679418679013 0.4923618733882904 162
1679420206990 0.4908784329891205 163
1679421735357 0.49154651165008545 164
1679423262630 0.49142909049987793 165
1679424790628 0.48984864354133606 166
1679426317814 0.49157828092575073 167
1679427845574 0.4912179708480835 168
1679429373151 0.4905795753002167 169
1679430900146 0.49108925461769104 170
1679432554115 0.4892064929008484 171
1679434081536 0.4890580475330353 172
1679435608760 0.490306556224823 173
1679437136480 0.4911614954471588 174
1679438663725 0.490263968706131 175
1679440190349 0.4914742708206177 176
1679441837646 0.48892471194267273 177
1679443364857 0.4896603524684906 178
1679444891024 0.48937731981277466 179
1679446418061 0.4901677072048187 180
1679448065789 0.4884622395038605 181
1679449592139 0.4906606078147888 182
1679451241352 0.48768922686576843 183
1679452767503 0.4897952377796173 184
1679454294832 0.49059489369392395 185
1679455821974 0.48897913098335266 186
1679457348421 0.4894757866859436 187
1679458875617 0.4888889789581299 188
1679460402867 0.4891442358493805 189
1679461929228 0.4894145429134369 190
1679463456158 0.4892953336238861 191
1679464983679 0.4861134886741638 192
1679466510663 0.4895749092102051 193
1679468038159 0.48683473467826843 194
1679469565862 0.48867446184158325 195
1679471092820 0.4893816411495209 196
1679472620045 0.4883120656013489 197
1679474147762 0.4863634407520294 198
1679475674648 0.4879671037197113 199
1679477202962 0.48747020959854126 200
1679478730557 0.48843687772750854 201
1679480258781 0.48723652958869934 202
1679481907430 0.4872434437274933 203
1679483434046 0.48826515674591064 204
1679484961404 0.4882581830024719 205
1679486488510 0.48638641834259033 206
1679488014939 0.48752111196517944 207
1679489542214 0.48798635601997375 208
1679491069817 0.48914894461631775 209
1679492596632 0.48830467462539673 210
1679494123872 0.4880567193031311 211
1679495652186 0.4878649115562439 212
1679497179239 0.4886437654495239 213
1679498707628 0.48824313282966614 214
1679500358779 0.4863022565841675 215
1679501890716 0.4885314404964447 216
1679503419271 0.48782962560653687 217
1679504948338 0.4866156280040741 218
1679506480144 0.48690858483314514 219
1679508008253 0.48683303594589233 220
1679509535263 0.48809096217155457 221
1679511063167 0.4860437512397766 222
1679512718183 0.4852471947669983 223
1679514244956 0.48516324162483215 224
1679515773116 0.4874293804168701 225
1679517301182 0.48534873127937317 226
1679518828542 0.4859811067581177 227
1679520357548 0.4846975803375244 228
1679521890976 0.4858083128929138 229
