1679160992991 3.155695915222168 0
1679162683414 2.7881617546081543 1
1679164275056 2.453200101852417 2
1679165926304 2.2066776752471924 3
1679167458438 2.0372531414031982 4
1679169119316 1.9108778238296509 5
1679170651898 1.8021825551986694 6
1679172300346 1.7145192623138428 7
1679173832017 1.6411089897155762 8
1679175484241 1.570673942565918 9
1679177017864 1.5160366296768188 10
1679178670797 1.4649254083633423 11
1679180203419 1.4189951419830322 12
1679181856435 1.384323000907898 13
1679183388425 1.347617506980896 14
1679185037330 1.3175383806228638 15
1679186570424 1.2873551845550537 16
1679188220355 1.2704240083694458 17
1679189753382 1.2403812408447266 18
1679191402879 1.2257564067840576 19
1679192935684 1.204581379890442 20
1679194590128 1.1872851848602295 21
1679196122226 1.1735810041427612 22
1679197777886 1.1551620960235596 23
1679199310701 1.141097068786621 24
1679200961742 1.126918911933899 25
1679202494528 1.1138898134231567 26
1679204145411 1.0979348421096802 27
1679205677741 1.088919758796692 28
1679207330918 1.0769904851913452 29
1679208864254 1.066720962524414 30
1679210516270 1.0546098947525024 31
1679212050370 1.0453211069107056 32
1679213702354 1.0343356132507324 33
1679215234734 1.030125617980957 34
1679216884710 1.0207802057266235 35
1679218417056 1.0153626203536987 36
1679220068807 1.0021026134490967 37
1679221602406 0.9986579418182373 38
1679223256040 0.9926457405090332 39
1679224789013 0.9804171323776245 40
1679226443298 0.9795287847518921 41
1679227975219 0.9740293622016907 42
1679229627374 0.9655089378356934 43
1679231160602 0.9578633904457092 44
1679232813105 0.954908549785614 45
1679234345880 0.9478164911270142 46
1679235998639 0.9416181445121765 47
1679237530523 0.9362704157829285 48
1679239190090 0.9307958483695984 49
1679240723926 0.9340236783027649 50
1679242373451 0.9209660887718201 51
1679243908257 0.9138415455818176 52
1679245561503 0.9074161648750305 53
1679247094523 0.9085652232170105 54
1679248747789 0.897646427154541 55
1679250280244 0.8937582969665527 56
1679251931704 0.8882495760917664 57
1679253464745 0.8874946236610413 58
1679255117653 0.8790760636329651 59
1679256651044 0.8757913708686829 60
1679258300683 0.8689977526664734 61
1679259833014 0.8626696467399597 62
1679261487846 0.8565994501113892 63
1679263021173 0.8513774871826172 64
1679264669479 0.8510359525680542 65
1679266202796 0.8457261323928833 66
1679267847126 0.8378206491470337 67
1679269379541 0.8370874524116516 68
1679271030425 0.8275526165962219 69
1679272563321 0.8252384066581726 70
1679274213127 0.8235962390899658 71
1679275746997 0.8187635540962219 72
1679277395408 0.8122835755348206 73
1679278927987 0.8082244992256165 74
1679280579802 0.803785502910614 75
1679282111749 0.7986295223236084 76
1679283759699 0.7996687889099121 77
1679285292633 0.7914501428604126 78
1679286958358 0.7931481599807739 79
1679288491293 0.7850375771522522 80
1679290158379 0.7789509892463684 81
1679291690908 0.7815980315208435 82
1679293346678 0.7719237804412842 83
1679294878795 0.7703361511230469 84
1679296530614 0.7653087973594666 85
1679298062785 0.7609343528747559 86
1679299712225 0.760935366153717 87
1679301244483 0.7564631700515747 88
1679302899392 0.7478047609329224 89
1679304431447 0.7484775185585022 90
1679306089298 0.7406656742095947 91
1679307622004 0.7383179664611816 92
1679309291981 0.7367841005325317 93
1679310825075 0.7347720265388489 94
1679312475085 0.7304356098175049 95
1679314007788 0.7261308431625366 96
1679315661728 0.7175180912017822 97
1679317195148 0.7165307402610779 98
1679318847540 0.7145638465881348 99
1679320381255 0.710419774055481 100
1679322034105 0.7087385058403015 101
1679323566828 0.7040271162986755 102
1679325223034 0.7014557719230652 103
1679326756362 0.6983574628829956 104
1679328410055 0.6938679814338684 105
1679329943543 0.6893357634544373 106
1679331597105 0.6904898881912231 107
1679333129628 0.685176432132721 108
1679334784356 0.6801828742027283 109
1679336317785 0.6807158589363098 110
1679337975780 0.6751559376716614 111
1679339509540 0.6727478504180908 112
1679341163287 0.6693877577781677 113
1679342696979 0.667507529258728 114
1679344353487 0.6645846962928772 115
1679345886558 0.6633052825927734 116
1679347543220 0.6578401327133179 117
1679349077073 0.6552578806877136 118
1679350732533 0.6499021053314209 119
1679352266384 0.6492159366607666 120
1679353918974 0.6409780979156494 121
1679355447056 0.6427433490753174 122
1679357094547 0.6400105357170105 123
1679358623152 0.6366406679153442 124
1679360274382 0.6384412050247192 125
1679361799656 0.6310535669326782 126
1679363442875 0.6285712718963623 127
1679364967993 0.6276878714561462 128
1679366617324 0.6198868751525879 129
1679368142473 0.622236967086792 130
1679369668539 0.6207123398780823 131
1679371194606 0.6181405186653137 132
1679372837100 0.6142191290855408 133
1679374362804 0.6105642914772034 134
1679376007426 0.6080904006958008 135
1679377532632 0.6065672636032104 136
1679379177458 0.6018894910812378 137
1679380703284 0.5970751643180847 138
1679382349669 0.5940453410148621 139
1679383875541 0.5805482864379883 140
1679385522863 0.5720091462135315 141
1679387047981 0.5671692490577698 142
1679388694135 0.5527488589286804 143
1679390220125 0.5456043481826782 144
1679391866083 0.5437914729118347 145
1679393392453 0.5298280715942383 146
1679395035298 0.5281702876091003 147
1679396561810 0.5235459804534912 148
1679398209548 0.5221568942070007 149
1679399734983 0.5215994119644165 150
1679401261850 0.5230756998062134 151
1679402788712 0.5209454298019409 152
1679404436863 0.5218835473060608 153
1679405963768 0.5219103097915649 154
1679407613943 0.5209614038467407 155
1679409140236 0.5202773809432983 156
1679410791029 0.5203825235366821 157
1679412319598 0.5199680328369141 158
1679413972437 0.5192837119102478 159
1679415504246 0.5207963585853577 160
1679417147908 0.5181093811988831 161
1679418679013 0.5206465125083923 162
1679420206990 0.5190249085426331 163
1679421735357 0.5198172926902771 164
1679423262630 0.5196729302406311 165
1679424790628 0.5180589556694031 166
1679426317814 0.5198182463645935 167
1679427845574 0.5194085836410522 168
1679429373151 0.5188335180282593 169
1679430900146 0.5193173885345459 170
1679432554115 0.517373263835907 171
1679434081536 0.5173377394676208 172
1679435608760 0.5185085535049438 173
1679437136480 0.5193220376968384 174
1679438663725 0.5185710787773132 175
1679440190349 0.5196523070335388 176
1679441837646 0.5170913338661194 177
1679443364857 0.5178869962692261 178
1679444891024 0.5176159739494324 179
1679446418061 0.5183091759681702 180
1679448065789 0.5166834592819214 181
1679449592139 0.5189084410667419 182
1679451241352 0.5158755779266357 183
1679452767503 0.5179957747459412 184
1679454294832 0.5187994837760925 185
1679455821974 0.5171980261802673 186
1679457348421 0.5176863074302673 187
1679458875617 0.5170578956604004 188
1679460402867 0.5173772573471069 189
1679461929228 0.5175595879554749 190
1679463456158 0.5174596309661865 191
1679464983679 0.5143917202949524 192
1679466510663 0.5177624225616455 193
1679468038159 0.514954686164856 194
1679469565862 0.5169145464897156 195
1679471092820 0.5175707936286926 196
1679472620045 0.5164192914962769 197
1679474147762 0.5145812630653381 198
1679475674648 0.5161811113357544 199
1679477202962 0.5155969262123108 200
1679478730557 0.516650915145874 201
1679480258781 0.5154135823249817 202
1679481907430 0.5154032707214355 203
1679483434046 0.5164844393730164 204
1679484961404 0.5164132714271545 205
1679486488510 0.5146037340164185 206
1679488014939 0.5156623721122742 207
1679489542214 0.5161161422729492 208
1679491069817 0.51740962266922 209
1679492596632 0.5164592862129211 210
1679494123872 0.5161805748939514 211
1679495652186 0.5161129832267761 212
1679497179239 0.5167668461799622 213
1679498707628 0.5163606405258179 214
1679500358779 0.514473557472229 215
1679501890716 0.5167325139045715 216
1679503419271 0.5159252285957336 217
1679504948338 0.5148045420646667 218
1679506480144 0.5150871872901917 219
1679508008253 0.5149857401847839 220
1679509535263 0.5162472724914551 221
1679511063167 0.5141879320144653 222
1679512718183 0.5134451985359192 223
1679514244956 0.5133252143859863 224
1679515773116 0.5155581831932068 225
1679517301182 0.513556957244873 226
1679518828542 0.5140854120254517 227
1679520357548 0.5127832889556885 228
1679521890976 0.5140615105628967 229
