1679160992991 6e-06 0
1679162683414 1.4625e-05 1
1679164275056 2.325e-05 2
1679165926304 3.1875003e-05 3
1679167458438 4.0500003e-05 4
1679169119316 4.9125003e-05 5
1679170651898 5.7750003e-05 6
1679172300346 6.6375e-05 7
1679173832017 7.5e-05 8
1679175484241 7.5e-05 9
1679177017864 7.5e-05 10
1679178670797 7.5e-05 11
1679180203419 7.5e-05 12
1679181856435 7.5e-05 13
1679183388425 7.5e-05 14
1679185037330 7.5e-05 15
1679186570424 7.5e-05 16
1679188220355 7.5e-05 17
1679189753382 7.5e-05 18
1679191402879 7.5e-05 19
1679192935684 7.5e-05 20
1679194590128 7.5e-05 21
1679196122226 7.5e-05 22
1679197777886 7.5e-05 23
1679199310701 7.5e-05 24
1679200961742 7.5e-05 25
1679202494528 7.5e-05 26
1679204145411 7.5e-05 27
1679205677741 7.5e-05 28
1679207330918 7.5e-05 29
1679208864254 7.5e-05 30
1679210516270 7.5e-05 31
1679212050370 7.5e-05 32
1679213702354 7.5e-05 33
1679215234734 7.5e-05 34
1679216884710 7.5e-05 35
1679218417056 7.5e-05 36
1679220068807 7.5e-05 37
1679221602406 7.5e-05 38
1679223256040 7.5e-05 39
1679224789013 7.5e-05 40
1679226443298 7.5e-05 41
1679227975219 7.5e-05 42
1679229627374 7.5e-05 43
1679231160602 7.5e-05 44
1679232813105 7.5e-05 45
1679234345880 7.5e-05 46
1679235998639 7.5e-05 47
1679237530523 7.5e-05 48
1679239190090 7.5e-05 49
1679240723926 7.5e-05 50
1679242373451 7.5e-05 51
1679243908257 7.5e-05 52
1679245561503 7.5e-05 53
1679247094523 7.5e-05 54
1679248747789 7.5e-05 55
1679250280244 7.5e-05 56
1679251931704 7.5e-05 57
1679253464745 7.5e-05 58
1679255117653 7.5e-05 59
1679256651044 7.5e-05 60
1679258300683 7.5e-05 61
1679259833014 7.5e-05 62
1679261487846 7.5e-05 63
1679263021173 7.5e-05 64
1679264669479 7.5e-05 65
1679266202796 7.5e-05 66
1679267847126 7.5e-05 67
1679269379541 7.5e-05 68
1679271030425 7.5e-05 69
1679272563321 7.5e-05 70
1679274213127 7.5e-05 71
1679275746997 7.5e-05 72
1679277395408 7.5e-05 73
1679278927987 7.5e-05 74
1679280579802 7.5e-05 75
1679282111749 7.5e-05 76
1679283759699 7.5e-05 77
1679285292633 7.5e-05 78
1679286958358 7.5e-05 79
1679288491293 7.5e-05 80
1679290158379 7.5e-05 81
1679291690908 7.5e-05 82
1679293346678 7.5e-05 83
1679294878795 7.5e-05 84
1679296530614 7.5e-05 85
1679298062785 7.5e-05 86
1679299712225 7.5e-05 87
1679301244483 7.5e-05 88
1679302899392 7.5e-05 89
1679304431447 7.5e-05 90
1679306089298 7.5e-05 91
1679307622004 7.5e-05 92
1679309291981 7.5e-05 93
1679310825075 7.5e-05 94
1679312475085 7.5e-05 95
1679314007788 7.5e-05 96
1679315661728 7.5e-05 97
1679317195148 7.5e-05 98
1679318847540 7.5e-05 99
1679320381255 7.5e-05 100
1679322034105 7.5e-05 101
1679323566828 7.5e-05 102
1679325223034 7.5e-05 103
1679326756362 7.5e-05 104
1679328410055 7.5e-05 105
1679329943543 7.5e-05 106
1679331597105 7.5e-05 107
1679333129628 7.5e-05 108
1679334784356 7.5e-05 109
1679336317785 7.5e-05 110
1679337975780 7.5e-05 111
1679339509540 7.5e-05 112
1679341163287 7.5e-05 113
1679342696979 7.5e-05 114
1679344353487 7.5e-05 115
1679345886558 7.5e-05 116
1679347543220 7.5e-05 117
1679349077073 7.5e-05 118
1679350732533 7.5e-05 119
1679352266384 7.5e-05 120
1679353918974 7.5e-05 121
1679355447056 7.5e-05 122
1679357094547 7.5e-05 123
1679358623152 7.5e-05 124
1679360274382 7.5e-05 125
1679361799656 7.5e-05 126
1679363442875 7.5e-05 127
1679364967993 7.5e-05 128
1679366617324 7.5e-05 129
1679368142473 7.5e-05 130
1679369668539 7.5e-05 131
1679371194606 7.5e-05 132
1679372837100 7.5e-05 133
1679374362804 7.5e-05 134
1679376007426 7.5e-05 135
1679377532632 7.5e-05 136
1679379177458 7.5e-05 137
1679380703284 7.5e-05 138
1679382349669 6.754e-05 139
1679383875541 6.0080005e-05 140
1679385522863 5.2620002e-05 141
1679387047981 4.5160006e-05 142
1679388694135 3.7700003e-05 143
1679390220125 3.0240004e-05 144
1679391866083 2.2780005e-05 145
1679393392453 1.5320005e-05 146
1679395035298 7.860006e-06 147
1679396561810 4.0000305e-07 148
1679398209548 4e-07 149
1679399734983 4e-07 150
1679401261850 4e-07 151
1679402788712 4e-07 152
1679404436863 4e-07 153
1679405963768 4e-07 154
1679407613943 4e-07 155
1679409140236 4e-07 156
1679410791029 4e-07 157
1679412319598 4e-07 158
1679413972437 4e-07 159
1679415504246 4e-07 160
1679417147908 4e-07 161
1679418679013 4e-07 162
1679420206990 4e-07 163
1679421735357 4e-07 164
1679423262630 4e-07 165
1679424790628 4e-07 166
1679426317814 4e-07 167
1679427845574 4e-07 168
1679429373151 4e-07 169
1679430900146 4e-07 170
1679432554115 4e-07 171
1679434081536 4e-07 172
1679435608760 4e-07 173
1679437136480 4e-07 174
1679438663725 4e-07 175
1679440190349 4e-07 176
1679441837646 4e-07 177
1679443364857 4e-07 178
1679444891024 4e-07 179
1679446418061 4e-07 180
1679448065789 4e-07 181
1679449592139 4e-07 182
1679451241352 4e-07 183
1679452767503 4e-07 184
1679454294832 4e-07 185
1679455821974 4e-07 186
1679457348421 4e-07 187
1679458875617 4e-07 188
1679460402867 4e-07 189
1679461929228 4e-07 190
1679463456158 4e-07 191
1679464983679 4e-07 192
1679466510663 4e-07 193
1679468038159 4e-07 194
1679469565862 4e-07 195
1679471092820 4e-07 196
1679472620045 4e-07 197
1679474147762 4e-07 198
1679475674648 4e-07 199
1679477202962 4e-07 200
1679478730557 4e-07 201
1679480258781 4e-07 202
1679481907430 4e-07 203
1679483434046 4e-07 204
1679484961404 4e-07 205
1679486488510 4e-07 206
1679488014939 4e-07 207
1679489542214 4e-07 208
1679491069817 4e-07 209
1679492596632 4e-07 210
1679494123872 4e-07 211
1679495652186 4e-07 212
1679497179239 4e-07 213
1679498707628 4e-07 214
1679500358779 4e-07 215
1679501890716 4e-07 216
1679503419271 4e-07 217
1679504948338 4e-07 218
1679506480144 4e-07 219
1679508008253 4e-07 220
1679509535263 4e-07 221
1679511063167 4e-07 222
1679512718183 4e-07 223
1679514244956 4e-07 224
1679515773116 4e-07 225
1679517301182 4e-07 226
1679518828542 4e-07 227
1679520357548 4e-07 228
1679521890976 4e-07 229
1679523423089 4e-07 230
1679524957541 4e-07 231
1679526490929 4e-07 232
1679528023277 4e-07 233
1679529556681 4e-07 234
1679531090062 4e-07 235
1679532623243 4e-07 236
1679534156534 4e-07 237
1679535689694 4e-07 238
1679537223387 4e-07 239
1679538757232 4e-07 240
1679540412596 4e-07 241
1679541945782 4e-07 242
1679543603863 4e-07 243
1679545136280 4e-07 244
1679546787805 4e-07 245
1679548321060 4e-07 246
1679549853731 4e-07 247
1679551387923 4e-07 248
1679552921917 4e-07 249
1679554455143 4e-07 250
1679555989057 4e-07 251
1679557526064 4e-07 252
1679559062646 4e-07 253
1679560602417 4e-07 254
1679562274234 4e-07 255
1679563813380 4e-07 256
1679565349774 4e-07 257
1679566886981 4e-07 258
1679568428130 4e-07 259
1679569966243 4e-07 260
1679571505478 4e-07 261
1679573042463 4e-07 262
1679574583069 4e-07 263
1679576120173 4e-07 264
1679577657743 4e-07 265
1679579198651 4e-07 266
1679580735267 4e-07 267
1679582275938 4e-07 268
1679583814265 4e-07 269
1679585351268 4e-07 270
1679586889680 4e-07 271
1679588426727 4e-07 272
1679589966367 4e-07 273
1679591504082 4e-07 274
1679593043363 4e-07 275
1679594580807 4e-07 276
1679596251859 4e-07 277
1679597791179 4e-07 278
1679599329173 4e-07 279
1679600870296 4e-07 280
1679602408196 4e-07 281
