1679160992991 1.0342599153518677 0
1679162683414 0.7402623295783997 1
1679164275056 0.4966001808643341 2
1679165926304 0.33123549818992615 3
1679167458438 0.2363862842321396 4
1679169119316 0.18067072331905365 5
1679170651898 0.14680975675582886 6
1679172300346 0.12573717534542084 7
1679173832017 0.11021672189235687 8
1679175484241 0.09884991496801376 9
1679177017864 0.09115312993526459 10
1679178670797 0.08466716855764389 11
1679180203419 0.07991473376750946 12
1679181856435 0.07633818686008453 13
1679183388425 0.07304196804761887 14
1679185037330 0.07008301466703415 15
1679186570424 0.06776238232851028 16
1679188220355 0.0658358559012413 17
1679189753382 0.06382666528224945 18
1679191402879 0.062072742730379105 19
1679192935684 0.060339462012052536 20
1679194590128 0.05937286838889122 21
1679196122226 0.05831725522875786 22
1679197777886 0.05636435002088547 23
1679199310701 0.055677346885204315 24
1679200961742 0.05457455664873123 25
1679202494528 0.05355626717209816 26
1679204145411 0.052761949598789215 27
1679205677741 0.052042484283447266 28
1679207330918 0.0509704127907753 29
1679208864254 0.050420522689819336 30
1679210516270 0.04975052922964096 31
1679212050370 0.04886924475431442 32
1679213702354 0.04851371794939041 33
1679215234734 0.04807189479470253 34
1679216884710 0.04761243984103203 35
1679218417056 0.046790264546871185 36
1679220068807 0.04616234079003334 37
1679221602406 0.04576641321182251 38
1679223256040 0.04552772268652916 39
1679224789013 0.04473062977194786 40
1679226443298 0.04440184310078621 41
1679227975219 0.04395826533436775 42
1679229627374 0.043499018996953964 43
1679231160602 0.04340146481990814 44
1679232813105 0.042855147272348404 45
1679234345880 0.04233311489224434 46
1679235998639 0.04216812178492546 47
1679237530523 0.04180866852402687 48
1679239190090 0.04155907779932022 49
1679240723926 0.04151686653494835 50
1679242373451 0.04093550145626068 51
1679243908257 0.040426891297101974 52
1679245561503 0.04039721563458443 53
1679247094523 0.040109045803546906 54
1679248747789 0.03974970802664757 55
1679250280244 0.039543021470308304 56
1679251931704 0.03921106830239296 57
1679253464745 0.039625491946935654 58
1679255117653 0.03884062170982361 59
1679256651044 0.038521382957696915 60
1679258300683 0.03840678930282593 61
1679259833014 0.03841815143823624 62
1679261487846 0.03782454878091812 63
1679263021173 0.037945233285427094 64
1679264669479 0.03757297247648239 65
1679266202796 0.03721722960472107 66
1679267847126 0.037217553704977036 67
1679269379541 0.03714918717741966 68
1679271030425 0.0367860272526741 69
1679272563321 0.036718420684337616 70
1679274213127 0.03648598492145538 71
1679275746997 0.03644920513033867 72
1679277395408 0.03615325316786766 73
1679278927987 0.035894956439733505 74
1679280579802 0.03606130927801132 75
1679282111749 0.035749465227127075 76
1679283759699 0.035620298236608505 77
1679285292633 0.0353153832256794 78
1679286958358 0.03533516451716423 79
1679288491293 0.03493836149573326 80
1679290158379 0.03500974550843239 81
1679291690908 0.03480146452784538 82
1679293346678 0.034605473279953 83
1679294878795 0.034605640918016434 84
1679296530614 0.03435945883393288 85
1679298062785 0.03419601172208786 86
1679299712225 0.0345100574195385 87
1679301244483 0.0340769998729229 88
1679302899392 0.03373059257864952 89
1679304431447 0.033937036991119385 90
1679306089298 0.03361048549413681 91
1679307622004 0.03397845849394798 92
1679309291981 0.03344132751226425 93
1679310825075 0.03330351039767265 94
1679312475085 0.03349006548523903 95
1679314007788 0.03309550881385803 96
1679315661728 0.03292420879006386 97
1679317195148 0.03292342275381088 98
1679318847540 0.032950643450021744 99
1679320381255 0.032781537622213364 100
1679322034105 0.03325558826327324 101
1679323566828 0.03243056312203407 102
1679325223034 0.032281067222356796 103
1679326756362 0.032812125980854034 104
1679328410055 0.03219309821724892 105
1679329943543 0.03204016759991646 106
1679331597105 0.032069772481918335 107
1679333129628 0.03199317678809166 108
1679334784356 0.0317998081445694 109
1679336317785 0.031932588666677475 110
1679337975780 0.03166896477341652 111
1679339509540 0.031567636877298355 112
1679341163287 0.031556107103824615 113
1679342696979 0.031404681503772736 114
1679344353487 0.03140384703874588 115
1679345886558 0.031238049268722534 116
1679347543220 0.031088629737496376 117
1679349077073 0.031207190826535225 118
1679350732533 0.03094615414738655 119
1679352266384 0.031043311581015587 120
1679353918974 0.03086860105395317 121
1679355447056 0.030767781659960747 122
1679357094547 0.030772201716899872 123
1679358623152 0.030859632417559624 124
1679360274382 0.03060249239206314 125
1679361799656 0.030719026923179626 126
1679363442875 0.030393779277801514 127
1679364967993 0.03031093440949917 128
1679366617324 0.03026609681546688 129
1679368142473 0.030384639278054237 130
1679369668539 0.030216839164495468 131
1679371194606 0.030447402969002724 132
1679372837100 0.029969753697514534 133
1679374362804 0.02987661026418209 134
1679376007426 0.02994239702820778 135
1679377532632 0.02978535182774067 136
1679379177458 0.0296816136687994 137
1679380703284 0.0298857893794775 138
1679382349669 0.029497742652893066 139
1679383875541 0.029324710369110107 140
1679385522863 0.029203740879893303 141
1679387047981 0.029023129492998123 142
1679388694135 0.028793208301067352 143
1679390220125 0.0287333894520998 144
1679391866083 0.028621483594179153 145
1679393392453 0.028418458998203278 146
1679395035298 0.028365585952997208 147
1679396561810 0.02829156443476677 148
1679398209548 0.028281813487410545 149
1679399734983 0.028289511799812317 150
1679401261850 0.02824258804321289 151
1679402788712 0.028301656246185303 152
1679404436863 0.028200959786772728 153
1679405963768 0.028229201212525368 154
1679407613943 0.028354503214359283 155
1679409140236 0.02823873609304428 156
1679410791029 0.028197750449180603 157
1679412319598 0.02829146571457386 158
1679413972437 0.02823309600353241 159
1679415504246 0.02818952687084675 160
1679417147908 0.028246445581316948 161
1679418679013 0.028284454718232155 162
1679420206990 0.0281464122235775 163
1679421735357 0.028270643204450607 164
1679423262630 0.028243964537978172 165
1679424790628 0.028210636228322983 166
1679426317814 0.028240183368325233 167
1679427845574 0.028190333396196365 168
1679429373151 0.028254309669137 169
1679430900146 0.028228560462594032 170
1679432554115 0.028167005628347397 171
1679434081536 0.028279416263103485 172
1679435608760 0.02820204570889473 173
1679437136480 0.028160911053419113 174
1679438663725 0.0283068660646677 175
1679440190349 0.028178000822663307 176
1679441837646 0.028167258948087692 177
1679443364857 0.028226763010025024 178
1679444891024 0.028238728642463684 179
1679446418061 0.028141018003225327 180
1679448065789 0.02822107821702957 181
1679449592139 0.02824772521853447 182
1679451241352 0.02818673849105835 183
1679452767503 0.028200646862387657 184
1679454294832 0.028204092755913734 185
1679455821974 0.028219228610396385 186
1679457348421 0.028210991993546486 187
1679458875617 0.028168920427560806 188
1679460402867 0.02823345921933651 189
1679461929228 0.02814480848610401 190
1679463456158 0.02816399186849594 191
1679464983679 0.028278635814785957 192
1679466510663 0.02818739227950573 193
1679468038159 0.02812049724161625 194
1679469565862 0.028239617124199867 195
1679471092820 0.0281886737793684 196
1679472620045 0.028107209131121635 197
1679474147762 0.028217848390340805 198
1679475674648 0.028213568031787872 199
1679477202962 0.02812604047358036 200
1679478730557 0.02821379341185093 201
1679480258781 0.028176845982670784 202
1679481907430 0.028160082176327705 203
1679483434046 0.02821935899555683 204
1679484961404 0.028154926374554634 205
1679486488510 0.028217598795890808 206
1679488014939 0.02814173698425293 207
1679489542214 0.028130078688263893 208
1679491069817 0.028260858729481697 209
1679492596632 0.02815452590584755 210
1679494123872 0.028123455122113228 211
1679495652186 0.02824794501066208 212
1679497179239 0.028123043477535248 213
1679498707628 0.028117772191762924 214
1679500358779 0.028171541169285774 215
1679501890716 0.028201449662446976 216
1679503419271 0.028095588088035583 217
1679504948338 0.028188899159431458 218
1679506480144 0.028178038075566292 219
1679508008253 0.028152843937277794 220
1679509535263 0.02815674990415573 221
1679511063167 0.028144478797912598 222
1679512718183 0.028198061510920525 223
1679514244956 0.02816171385347843 224
1679515773116 0.028128746896982193 225
1679517301182 0.028207890689373016 226
1679518828542 0.028104376047849655 227
1679520357548 0.028085725381970406 228
1679521890976 0.02825254201889038 229
1679523423089 0.028136614710092545 230
1679524957541 0.0280842874199152 231
1679526490929 0.028198814019560814 232
1679528023277 0.028145955875515938 233
1679529556681 0.02805277891457081 234
1679531090062 0.028191596269607544 235
1679532623243 0.02821444161236286 236
1679534156534 0.028065966442227364 237
1679535689694 0.028171356767416 238
1679537223387 0.028148557990789413 239
1679538757232 0.028162503615021706 240
1679540412596 0.02816453017294407 241
1679541945782 0.028125537559390068 242
1679543603863 0.028172630816698074 243
1679545136280 0.028098098933696747 244
1679546787805 0.028097236528992653 245
1679548321060 0.02822819910943508 246
1679549853731 0.028092429041862488 247
1679551387923 0.028076371178030968 248
1679552921917 0.028202896937727928 249
1679554455143 0.02808987908065319 250
1679555989057 0.028069620952010155 251
1679557526064 0.028152946382761 252
1679559062646 0.028149569407105446 253
1679560602417 0.028062157332897186 254
1679562274234 0.028170274570584297 255
1679563813380 0.028127944096922874 256
1679565349774 0.028124509379267693 257
1679566886981 0.028149625286459923 258
1679568428130 0.028100553900003433 259
1679569966243 0.028148150071501732 260
1679571505478 0.028129853308200836 261
1679573042463 0.02811160683631897 262
1679574583069 0.028181811794638634 263
1679576120173 0.02807764895260334 264
1679577657743 0.028050621971488 265
1679579198651 0.028219478204846382 266
1679580735267 0.02808373235166073 267
1679582275938 0.028064247220754623 268
1679583814265 0.028147878125309944 269
1679585351268 0.028120169416069984 270
1679586889680 0.028026867657899857 271
1679588426727 0.028141262009739876 272
1679589966367 0.02817383222281933 273
1679591504082 0.02805238962173462 274
1679593043363 0.028123825788497925 275
1679594580807 0.028127968311309814 276
1679596251859 0.02812355011701584 277
1679597791179 0.028133103623986244 278
1679599329173 0.028078049421310425 279
1679600870296 0.028159359470009804 280
1679602408196 0.028067387640476227 281
