1675113189448 2.1333277225494385 0
1675114307223 1.8646951913833618 1
1675115424515 1.7913213968276978 2
1675116538124 1.7614949941635132 3
1675117652553 1.78892982006073 4
1675118762360 1.8164303302764893 5
1675119842112 1.8158085346221924 6
1675120921079 1.8117755651474 7
1675121999760 1.811577558517456 8
1675123176713 1.8122369050979614 9
1675124255932 1.8100783824920654 10
1675125335212 1.810288906097412 11
1675126413972 1.8102247714996338 12
1675127493268 1.810153603553772 13
1675128571616 1.8108129501342773 14
1675129650552 1.811457872390747 15
1675130729676 1.8086386919021606 16
1675131808285 1.8095611333847046 17
1675132887503 1.8090983629226685 18
1675133966119 1.8095144033432007 19
1675135044774 1.8100579977035522 20
1675136123955 1.8100199699401855 21
1675137202921 1.8085744380950928 22
1675138282026 1.8098139762878418 23
1675139362267 1.8083150386810303 24
1675140440790 1.8142144680023193 25
1675141519168 1.8087561130523682 26
1675142600465 1.8114287853240967 27
1675143784760 1.8079736232757568 28
1675144862730 1.8101376295089722 29
1675145940845 1.8088047504425049 30
1675147020531 1.8090541362762451 31
