1675113189448 3.7126805782318115 0
1675114307223 2.7555272579193115 1
1675115424515 2.3017492294311523 2
1675116538124 2.1063904762268066 3
1675117652553 2.0573384761810303 4
1675118762360 2.0299668312072754 5
1675119842112 2.0081682205200195 6
1675120921079 1.9928309917449951 7
1675121999760 1.9667850732803345 8
1675123176713 1.962782621383667 9
1675124255932 1.9507147073745728 10
1675125335212 1.93301522731781 11
1675126413972 1.9327257871627808 12
1675127493268 1.9302356243133545 13
1675128571616 1.9210097789764404 14
1675129650552 1.9172375202178955 15
1675130729676 1.9110184907913208 16
1675131808285 1.904218316078186 17
1675132887503 1.9065114259719849 18
1675133966119 1.9006260633468628 19
1675135044774 1.9013433456420898 20
1675136123955 1.8957403898239136 21
1675137202921 1.8908348083496094 22
1675138282026 1.8910539150238037 23
1675139362267 1.8884230852127075 24
1675140440790 1.8961855173110962 25
1675141519168 1.886932611465454 26
1675142600465 1.885451078414917 27
1675143784760 1.8807169198989868 28
1675144862730 1.8823802471160889 29
1675145940845 1.879083514213562 30
1675147020531 1.8783270120620728 31
