1675113189448 5e-08 0
1675114307223 5.0045e-05 1
1675115424515 0.00010004 2
1675116538124 0.000150035 3
1675117652553 0.00020003 4
1675118762360 0.000250025 5
1675119842112 0.00030002 6
1675120921079 0.000350015 7
1675121999760 0.00040001 8
1675123176713 0.000450005 9
1675124255932 0.0005 10
1675125335212 0.0005 11
1675126413972 0.0005 12
1675127493268 0.0005 13
1675128571616 0.0005 14
1675129650552 0.0005 15
1675130729676 0.0005 16
1675131808285 0.0005 17
1675132887503 0.0005 18
1675133966119 0.0005 19
1675135044774 0.0005 20
1675136123955 0.0005 21
1675137202921 0.0005 22
1675138282026 0.0005 23
1675139362267 0.0005 24
1675140440790 0.0005 25
1675141519168 0.0005 26
1675142600465 0.0005 27
1675143784760 0.0005 28
1675144862730 0.0005 29
1675145940845 0.0005 30
1675147020531 0.0005 31
