1675113189448 1.5793527364730835 0
1675114307223 0.8908329010009766 1
1675115424515 0.5104279518127441 2
1675116538124 0.3448945879936218 3
1675117652553 0.2684081494808197 4
1675118762360 0.2135356366634369 5
1675119842112 0.19235816597938538 6
1675120921079 0.1810549944639206 7
1675121999760 0.15520808100700378 8
1675123176713 0.15054665505886078 9
1675124255932 0.1406363993883133 10
1675125335212 0.12272593379020691 11
1675126413972 0.12250024080276489 12
1675127493268 0.12008152157068253 13
1675128571616 0.11019670218229294 14
1675129650552 0.10578096657991409 15
1675130729676 0.10237997770309448 16
1675131808285 0.09465491771697998 17
1675132887503 0.09741244465112686 18
1675133966119 0.09111358970403671 19
1675135044774 0.09128657728433609 20
1675136123955 0.08571894466876984 21
1675137202921 0.08226153999567032 22
1675138282026 0.08124004304409027 23
1675139362267 0.08010860532522202 24
1675140440790 0.08197131752967834 25
1675141519168 0.07817728072404861 26
1675142600465 0.07402458786964417 27
1675143784760 0.07274382561445236 28
1675144862730 0.07224196195602417 29
1675145940845 0.07027649134397507 30
1675147020531 0.0692729502916336 31
