1679161227539 1.9470974206924438 0
1679162981925 1.7811778783798218 1
1679164590916 1.6782026290893555 2
1679166274510 1.621478796005249 3
1679167847260 1.574661135673523 4
1679169537358 1.5341259241104126 5
1679171110133 1.5052963495254517 6
1679172803265 1.473286509513855 7
1679174375463 1.446433663368225 8
1679176059930 1.4206602573394775 9
1679177633727 1.389760136604309 10
1679179325004 1.3678137063980103 11
1679180898069 1.350508451461792 12
1679182587830 1.324836254119873 13
1679184161167 1.311798334121704 14
1679185851493 1.3016058206558228 15
1679187424171 1.279117226600647 16
1679189117863 1.2722049951553345 17
1679190691494 1.2577673196792603 18
1679192384929 1.2445060014724731 19
1679193958469 1.2374321222305298 20
1679195650178 1.2285946607589722 21
1679197223391 1.2157669067382812 22
1679198917727 1.212354063987732 23
1679200491931 1.1980904340744019 24
1679202184688 1.188133955001831 25
1679203758329 1.1886301040649414 26
1679205451236 1.1753504276275635 27
1679207025121 1.171553373336792 28
1679208717502 1.1651332378387451 29
1679210290864 1.1515074968338013 30
1679211982800 1.152884840965271 31
1679213557412 1.1458375453948975 32
1679215250189 1.1360602378845215 33
1679216824950 1.1356459856033325 34
1679218519740 1.126369595527649 35
1679220093267 1.1203575134277344 36
1679221784313 1.1211872100830078 37
1679223357429 1.1116893291473389 38
1679225051146 1.1089489459991455 39
1679226624824 1.1058176755905151 40
1679228318131 1.0951621532440186 41
1679229891405 1.0970172882080078 42
1679231583254 1.0921709537506104 43
1679233155947 1.0829603672027588 44
1679234850087 1.0843530893325806 45
1679236423143 1.0773087739944458 46
1679238119915 1.0723196268081665 47
1679239694119 1.0751619338989258 48
1679241388829 1.0632092952728271 49
1679242962986 1.0601849555969238 50
1679244537852 1.069061279296875 51
1679246111940 1.0555421113967896 52
1679247808334 1.0525166988372803 53
1679249382191 1.0496779680252075 54
1679251100429 1.043798804283142 55
1679252674669 1.0477664470672607 56
1679254373433 1.0430095195770264 57
1679255946729 1.0354750156402588 58
1679257641602 1.0362777709960938 59
1679259216138 1.0296170711517334 60
1679260908690 1.0259312391281128 61
1679262482466 1.0295801162719727 62
1679264170868 1.0195356607437134 63
1679265744536 1.0179864168167114 64
1679267318442 1.0217561721801758 65
1679268891666 1.009727954864502 66
1679270583484 1.0118062496185303 67
1679272157406 1.008085012435913 68
1679273846174 1.0050636529922485 69
1679275420699 1.0044491291046143 70
1679277110242 1.0047507286071777 71
1679278683289 0.9948879480361938 72
1679280373683 1.0025502443313599 73
1679281947183 0.992357611656189 74
1679283636159 0.9876680374145508 75
1679285209611 0.9945023655891418 76
1679286910711 0.9835882782936096 77
1679288484232 0.9840006828308105 78
1679290193962 0.9754855036735535 79
1679291766833 0.9631676077842712 80
1679293456627 0.9604052901268005 81
1679295030283 0.9488445520401001 82
1679296763067 0.9350875020027161 83
1679298336778 0.9297453761100769 84
1679300029887 0.9194855690002441 85
1679301602993 0.9073576331138611 86
1679303296181 0.9041549563407898 87
1679304867442 0.8948908448219299 88
1679306558000 0.8927865028381348 89
1679308131452 0.896630048751831 90
1679309827126 0.8902186751365662 91
1679311400881 0.8946638107299805 92
1679312974636 0.8912762403488159 93
1679314548104 0.8928297162055969 94
1679316122005 0.8935184478759766 95
1679317696653 0.8949548602104187 96
1679319270147 0.8902832865715027 97
1679320844636 0.8953561186790466 98
1679322418894 0.891165554523468 99
1679323992429 0.8893750905990601 100
1679325565966 0.8956871628761292 101
1679327139662 0.8898734450340271 102
1679328713375 0.8925220966339111 103
1679330288423 0.8916487097740173 104
1679331979297 0.8876116275787354 105
1679333553678 0.8941625952720642 106
1679335128176 0.8917962908744812 107
1679336702090 0.8891835808753967 108
1679338276024 0.8919912576675415 109
1679339850542 0.8918291926383972 110
1679341424097 0.8893823027610779 111
1679342998476 0.8929224014282227 112
1679344572090 0.8901832103729248 113
1679346146664 0.8898922801017761 114
1679347721004 0.8939146399497986 115
1679349294819 0.8877833485603333 116
1679350869093 0.8899447917938232 117
1679352443919 0.8907520174980164 118
