1679161227539 2.9164772033691406 0
1679162981925 2.410595655441284 1
1679164590916 2.082958221435547 2
1679166274510 1.8943333625793457 3
1679167847260 1.770935297012329 4
1679169537358 1.6809022426605225 5
1679171110133 1.6246260404586792 6
1679172803265 1.5740246772766113 7
1679174375463 1.5335441827774048 8
1679176059930 1.4986557960510254 9
1679177633727 1.4595690965652466 10
1679179325004 1.4325801134109497 11
1679180898069 1.4110867977142334 12
1679182587830 1.3815276622772217 13
1679184161167 1.3651323318481445 14
1679185851493 1.3528703451156616 15
1679187424171 1.3273323774337769 16
1679189117863 1.318767786026001 17
1679190691494 1.3028181791305542 18
1679192384929 1.2874717712402344 19
1679193958469 1.2793370485305786 20
1679195650178 1.2688835859298706 21
1679197223391 1.2549724578857422 22
1679198917727 1.2507597208023071 23
1679200491931 1.2351382970809937 24
1679202184688 1.224513292312622 25
1679203758329 1.2241578102111816 26
1679205451236 1.2098915576934814 27
1679207025121 1.2053874731063843 28
1679208717502 1.1986134052276611 29
1679210290864 1.183965802192688 30
1679211982800 1.1849216222763062 31
1679213557412 1.1772761344909668 32
1679215250189 1.1668709516525269 33
1679216824950 1.1662148237228394 34
1679218519740 1.156031847000122 35
1679220093267 1.1498024463653564 36
1679221784313 1.1502901315689087 37
1679223357429 1.1401722431182861 38
1679225051146 1.1371002197265625 39
1679226624824 1.1336725950241089 40
1679228318131 1.1223716735839844 41
1679229891405 1.1240546703338623 42
1679231583254 1.1190840005874634 43
1679233155947 1.1093558073043823 44
1679234850087 1.1105296611785889 45
1679236423143 1.1030019521713257 46
1679238119915 1.0977702140808105 47
1679239694119 1.1006077527999878 48
1679241388829 1.0881068706512451 49
1679242962986 1.0850989818572998 50
1679244537852 1.0937236547470093 51
1679246111940 1.0797476768493652 52
1679247808334 1.0765141248703003 53
1679249382191 1.0735907554626465 54
1679251100429 1.0673624277114868 55
1679252674669 1.0712165832519531 56
1679254373433 1.0662957429885864 57
1679255946729 1.0584415197372437 58
1679257641602 1.0592643022537231 59
1679259216138 1.052135944366455 60
1679260908690 1.048471450805664 61
1679262482466 1.0519918203353882 62
1679264170868 1.0416935682296753 63
1679265744536 1.0399222373962402 64
1679267318442 1.043745756149292 65
1679268891666 1.0313124656677246 66
1679270583484 1.033338189125061 67
1679272157406 1.029655933380127 68
1679273846174 1.0262513160705566 69
1679275420699 1.0256644487380981 70
1679277110242 1.0259829759597778 71
1679278683289 1.0156939029693604 72
1679280373683 1.0235668420791626 73
1679281947183 1.0129693746566772 74
1679283636159 1.008213758468628 75
1679285209611 1.0149599313735962 76
1679286910711 1.0038082599639893 77
1679288484232 1.0041375160217285 78
1679290193962 0.995526134967804 79
1679291766833 0.9828269481658936 80
1679293456627 0.9799376726150513 81
1679295030283 0.9681617617607117 82
1679296763067 0.9541564583778381 83
1679298336778 0.9488200545310974 84
1679300029887 0.9382001757621765 85
1679301602993 0.926061749458313 86
1679303296181 0.9227854013442993 87
1679304867442 0.9133759140968323 88
1679306558000 0.9112662076950073 89
1679308131452 0.9152085185050964 90
1679309827126 0.9085849523544312 91
1679311400881 0.9131277799606323 92
1679312974636 0.9098595976829529 93
1679314548104 0.9112489223480225 94
1679316122005 0.912079393863678 95
1679317696653 0.9133843183517456 96
1679319270147 0.9087017774581909 97
1679320844636 0.9139721393585205 98
1679322418894 0.9095653295516968 99
1679323992429 0.9078678488731384 100
1679325565966 0.9142207503318787 101
1679327139662 0.9082719683647156 102
1679328713375 0.9109325408935547 103
1679330288423 0.9102126359939575 104
1679331979297 0.9060220122337341 105
1679333553678 0.9126477837562561 106
1679335128176 0.9102792739868164 107
1679336702090 0.907595157623291 108
1679338276024 0.9105663895606995 109
1679339850542 0.9102001190185547 110
1679341424097 0.9078640341758728 111
1679342998476 0.9114583730697632 112
1679344572090 0.9086076617240906 113
1679346146664 0.9083406329154968 114
1679347721004 0.9124596118927002 115
1679349294819 0.9061188101768494 116
1679350869093 0.9083847403526306 117
1679352443919 0.9093063473701477 118
