1679161227539 6e-06 0
1679162981925 1.4625e-05 1
1679164590916 2.325e-05 2
1679166274510 3.1875003e-05 3
1679167847260 4.0500003e-05 4
1679169537358 4.9125003e-05 5
1679171110133 5.7750003e-05 6
1679172803265 6.6375e-05 7
1679174375463 7.5e-05 8
1679176059930 7.5e-05 9
1679177633727 7.5e-05 10
1679179325004 7.5e-05 11
1679180898069 7.5e-05 12
1679182587830 7.5e-05 13
1679184161167 7.5e-05 14
1679185851493 7.5e-05 15
1679187424171 7.5e-05 16
1679189117863 7.5e-05 17
1679190691494 7.5e-05 18
1679192384929 7.5e-05 19
1679193958469 7.5e-05 20
1679195650178 7.5e-05 21
1679197223391 7.5e-05 22
1679198917727 7.5e-05 23
1679200491931 7.5e-05 24
1679202184688 7.5e-05 25
1679203758329 7.5e-05 26
1679205451236 7.5e-05 27
1679207025121 7.5e-05 28
1679208717502 7.5e-05 29
1679210290864 7.5e-05 30
1679211982800 7.5e-05 31
1679213557412 7.5e-05 32
1679215250189 7.5e-05 33
1679216824950 7.5e-05 34
1679218519740 7.5e-05 35
1679220093267 7.5e-05 36
1679221784313 7.5e-05 37
1679223357429 7.5e-05 38
1679225051146 7.5e-05 39
1679226624824 7.5e-05 40
1679228318131 7.5e-05 41
1679229891405 7.5e-05 42
1679231583254 7.5e-05 43
1679233155947 7.5e-05 44
1679234850087 7.5e-05 45
1679236423143 7.5e-05 46
1679238119915 7.5e-05 47
1679239694119 7.5e-05 48
1679241388829 7.5e-05 49
1679242962986 7.5e-05 50
1679244537852 7.5e-05 51
1679246111940 7.5e-05 52
1679247808334 7.5e-05 53
1679249382191 7.5e-05 54
1679251100429 7.5e-05 55
1679252674669 7.5e-05 56
1679254373433 7.5e-05 57
1679255946729 7.5e-05 58
1679257641602 7.5e-05 59
1679259216138 7.5e-05 60
1679260908690 7.5e-05 61
1679262482466 7.5e-05 62
1679264170868 7.5e-05 63
1679265744536 7.5e-05 64
1679267318442 7.5e-05 65
1679268891666 7.5e-05 66
1679270583484 7.5e-05 67
1679272157406 7.5e-05 68
1679273846174 7.5e-05 69
1679275420699 7.5e-05 70
1679277110242 7.5e-05 71
1679278683289 7.5e-05 72
1679280373683 7.5e-05 73
1679281947183 7.5e-05 74
1679283636159 7.5e-05 75
1679285209611 7.5e-05 76
1679286910711 7.5e-05 77
1679288484232 7.5e-05 78
1679290193962 6.751e-05 79
1679291766833 6.0020004e-05 80
1679293456627 5.2530006e-05 81
1679295030283 4.5040004e-05 82
1679296763067 3.7550002e-05 83
1679298336778 3.0060004e-05 84
1679300029887 2.2570006e-05 85
1679301602993 1.5080004e-05 86
1679303296181 7.5900025e-06 87
1679304867442 1.0000076e-07 88
1679306558000 1e-07 89
1679308131452 1e-07 90
1679309827126 1e-07 91
1679311400881 1e-07 92
1679312974636 1e-07 93
1679314548104 1e-07 94
1679316122005 1e-07 95
1679317696653 1e-07 96
1679319270147 1e-07 97
1679320844636 1e-07 98
1679322418894 1e-07 99
1679323992429 1e-07 100
1679325565966 1e-07 101
1679327139662 1e-07 102
1679328713375 1e-07 103
1679330288423 1e-07 104
1679331979297 1e-07 105
1679333553678 1e-07 106
1679335128176 1e-07 107
1679336702090 1e-07 108
1679338276024 1e-07 109
1679339850542 1e-07 110
1679341424097 1e-07 111
1679342998476 1e-07 112
1679344572090 1e-07 113
1679346146664 1e-07 114
1679347721004 1e-07 115
1679349294819 1e-07 116
1679350869093 1e-07 117
1679352443919 1e-07 118
