1679161227539 0.9693787693977356 0
1679162981925 0.6294178366661072 1
1679164590916 0.4047567844390869 2
1679166274510 0.2728552520275116 3
1679167847260 0.1962750107049942 4
1679169537358 0.14677773416042328 5
1679171110133 0.11932944506406784 6
1679172803265 0.1007385402917862 7
1679174375463 0.08711076527833939 8
1679176059930 0.07799546420574188 9
1679177633727 0.06980780512094498 10
1679179325004 0.06476680934429169 11
1679180898069 0.06057754158973694 12
1679182587830 0.05669144168496132 13
1679184161167 0.05333222448825836 14
1679185851493 0.051264725625514984 15
1679187424171 0.048214301466941833 16
1679189117863 0.04656196013092995 17
1679190691494 0.04505056142807007 18
1679192384929 0.04296522215008736 19
1679193958469 0.04190557077527046 20
1679195650178 0.04028896987438202 21
1679197223391 0.03920494019985199 22
1679198917727 0.038404855877161026 23
1679200491931 0.03704836964607239 24
1679202184688 0.0363801009953022 25
1679203758329 0.035529203712940216 26
1679205451236 0.03454132750630379 27
1679207025121 0.033833641558885574 28
1679208717502 0.03347951918840408 29
1679210290864 0.03245842084288597 30
1679211982800 0.032037556171417236 31
1679213557412 0.031438011676073074 32
1679215250189 0.030810803174972534 33
1679216824950 0.030569428578019142 34
1679218519740 0.02966185100376606 35
1679220093267 0.029445089399814606 36
1679221784313 0.029102511703968048 37
1679223357429 0.02848241664469242 38
1679225051146 0.028150925412774086 39
1679226624824 0.02785438671708107 40
1679228318131 0.02721073292195797 41
1679229891405 0.027037592604756355 42
1679231583254 0.02691340446472168 43
1679233155947 0.026395712047815323 44
1679234850087 0.026177087798714638 45
1679236423143 0.025693750008940697 46
1679238119915 0.02545016072690487 47
1679239694119 0.02544533647596836 48
1679241388829 0.024897301569581032 49
1679242962986 0.024914337322115898 50
1679244537852 0.024661339819431305 51
1679246111940 0.02420569583773613 52
1679247808334 0.023997921496629715 53
1679249382191 0.023912718519568443 54
1679251100429 0.023563623428344727 55
1679252674669 0.023449961096048355 56
1679254373433 0.02328675612807274 57
1679255946729 0.022965874522924423 58
1679257641602 0.022986527532339096 59
1679259216138 0.022517884150147438 60
1679260908690 0.022540733218193054 61
1679262482466 0.022411970421671867 62
1679264170868 0.02215697057545185 63
1679265744536 0.02193475142121315 64
1679267318442 0.02198859676718712 65
1679268891666 0.02158433571457863 66
1679270583484 0.0215313620865345 67
1679272157406 0.02157036028802395 68
1679273846174 0.02118750475347042 69
1679275420699 0.021217282861471176 70
1679277110242 0.021232295781373978 71
1679278683289 0.02080487087368965 72
1679280373683 0.021016620099544525 73
1679281947183 0.02061234973371029 74
1679283636159 0.020545978099107742 75
1679285209611 0.020457683131098747 76
1679286910711 0.020219696685671806 77
1679288484232 0.02013709396123886 78
1679290193962 0.0200410857796669 79
1679291766833 0.019659116864204407 80
1679293456627 0.01953277550637722 81
1679295030283 0.019317738711833954 82
1679296763067 0.019069723784923553 83
1679298336778 0.019074102863669395 84
1679300029887 0.01871424727141857 85
1679301602993 0.01870424672961235 86
1679303296181 0.018630314618349075 87
1679304867442 0.01848571002483368 88
1679306558000 0.01847952790558338 89
1679308131452 0.018578562885522842 90
1679309827126 0.01836569234728813 91
1679311400881 0.018463004380464554 92
1679312974636 0.018582124263048172 93
1679314548104 0.01841878890991211 94
1679316122005 0.018560869619250298 95
1679317696653 0.018428416922688484 96
1679319270147 0.01841847039759159 97
1679320844636 0.01861553080379963 98
1679322418894 0.018399495631456375 99
1679323992429 0.018493033945560455 100
1679325565966 0.018533209338784218 101
1679327139662 0.01839960180222988 102
1679328713375 0.018410056829452515 103
1679330288423 0.0185643769800663 104
1679331979297 0.018410710617899895 105
1679333553678 0.018485452979803085 106
1679335128176 0.018483540043234825 107
1679336702090 0.018411504104733467 108
1679338276024 0.01857469603419304 109
1679339850542 0.018371734768152237 110
1679341424097 0.018481535837054253 111
1679342998476 0.018535953015089035 112
1679344572090 0.018424654379487038 113
1679346146664 0.01844758726656437 114
1679347721004 0.018544791266322136 115
1679349294819 0.018335802480578423 116
1679350869093 0.01844063028693199 117
1679352443919 0.018554165959358215 118
