1674560311697 2.0436534881591797 0
1674561147977 2.014090061187744 1
1674561982463 1.9989902973175049 2
1674562815977 1.9856725931167603 3
1674563651665 1.9730536937713623 4
1674564484926 1.9549531936645508 5
1674565318556 1.940261721611023 6
1674566150252 1.9292421340942383 7
1674566990433 1.9161971807479858 8
1674567823790 1.9037703275680542 9
1674568658342 1.892533302307129 10
1674569491502 1.8799471855163574 11
1674570323277 1.8717303276062012 12
1674571155900 1.8652399778366089 13
1674571988359 1.8522231578826904 14
1674572732051 1.844007968902588 15
1674573564557 1.8390259742736816 16
1674574397031 1.830538034439087 17
1674575230082 1.8229174613952637 18
1674576062602 1.8192155361175537 19
1674576895746 1.8214703798294067 20
1674577729027 1.8198044300079346 21
1674578472835 1.8182295560836792 22
1674579219316 1.8401373624801636 23
1674580056324 1.8260136842727661 24
1674580890486 1.8188986778259277 25
1674581723329 1.821242332458496 26
1674582466835 1.8211696147918701 27
1674583210687 1.822200059890747 28
1674584042096 1.8119416236877441 29
1674584873759 1.8110960721969604 30
1674585704495 1.8015034198760986 31
1674586537657 1.7949305772781372 32
1674587369783 1.791211724281311 33
1674588202986 1.7878706455230713 34
1674589034826 1.783724069595337 35
1674589869549 1.7784171104431152 36
1674590700252 1.779289722442627 37
1674591533425 1.8114802837371826 38
1674592277179 1.804334282875061 39
1674593109929 1.7980793714523315 40
1674593853589 2.0159213542938232 41
1674594598013 2.002493143081665 42
1674595342505 1.8665944337844849 43
1674596086916 1.865218997001648 44
1674596831150 1.8466111421585083 45
1674597574776 1.8380706310272217 46
1674598405579 1.8326497077941895 47
1674599238389 1.8288160562515259 48
1674600070356 1.8234400749206543 49
1674600813601 1.8315801620483398 50
1674601556257 1.8367632627487183 51
1674602382692 1.8345754146575928 52
1674603125492 1.8300988674163818 53
1674603957825 1.8311336040496826 54
1674604790013 1.8249082565307617 55
1674605619539 1.8287341594696045 56
1674606450402 1.8268346786499023 57
1674607281206 1.8230053186416626 58
1674608023558 1.8191452026367188 59
1674608766553 1.8237779140472412 60
1674609597354 1.819707989692688 61
1674610340897 1.8179244995117188 62
1674611084354 1.818129062652588 63
1674611826988 1.8144389390945435 64
1674612660593 1.8173199892044067 65
1674613513498 1.8124083280563354 66
1674614352212 1.805986762046814 67
1674615095957 1.8009021282196045 68
1674615838830 1.8000162839889526 69
1674616581451 1.812319278717041 70
1674617324433 1.831628441810608 71
1674618067504 1.836185336112976 72
1674618900305 1.8266853094100952 73
1674619643297 1.8266253471374512 74
1674620475678 1.815281629562378 75
1674621218448 1.8134524822235107 76
1674621962037 1.8106950521469116 77
1674622794658 1.8094638586044312 78
1674623625871 1.80937659740448 79
1674624368596 1.8062478303909302 80
1674625111651 1.8039214611053467 81
1674625943369 1.801360011100769 82
1674626685326 1.8029203414916992 83
1674627427498 1.7949681282043457 84
1674628259588 1.7890324592590332 85
1674629002438 1.8094775676727295 86
1674629745624 1.8034409284591675 87
1674630489647 1.7992753982543945 88
