1674560311697 3.428457260131836 0
1674561147977 3.307161808013916 1
1674561982463 3.2291007041931152 2
1674562815977 3.1155385971069336 3
1674563651665 3.080615520477295 4
1674564484926 3.0208089351654053 5
1674565318556 2.9832763671875 6
1674566150252 2.9546310901641846 7
1674566990433 2.9027259349823 8
1674567823790 2.881645441055298 9
1674568658342 2.849482774734497 10
1674569491502 2.8306047916412354 11
1674570323277 2.753817081451416 12
1674571155900 2.7518651485443115 13
1674571988359 2.7151589393615723 14
1674572732051 2.7182042598724365 15
1674573564557 2.677990674972534 16
1674574397031 2.6411619186401367 17
1674575230082 2.6352527141571045 18
1674576062602 2.626100778579712 19
1674576895746 2.606553316116333 20
1674577729027 2.559316635131836 21
1674578472835 2.5623373985290527 22
1674579219316 2.564080238342285 23
1674580056324 2.5540683269500732 24
1674580890486 2.5301625728607178 25
1674581723329 2.4977011680603027 26
1674582466835 2.5085346698760986 27
1674583210687 2.5057902336120605 28
1674584042096 2.4551422595977783 29
1674584873759 2.439072370529175 30
1674585704495 2.428570032119751 31
1674586537657 2.4088432788848877 32
1674587369783 2.4071948528289795 33
1674588202986 2.3925607204437256 34
1674589034826 2.3650457859039307 35
1674589869549 2.3635644912719727 36
1674590700252 2.361682176589966 37
1674591533425 2.3597044944763184 38
1674592277179 2.3629093170166016 39
1674593109929 2.3488547801971436 40
1674593853589 2.578969955444336 41
1674594598013 2.5481529235839844 42
1674595342505 2.4072461128234863 43
1674596086916 2.3890411853790283 44
1674596831150 2.3765549659729004 45
1674597574776 2.362938642501831 46
1674598405579 2.328160524368286 47
1674599238389 2.3261406421661377 48
1674600070356 2.3169336318969727 49
1674600813601 2.325209140777588 50
1674601556257 2.3320982456207275 51
1674602382692 2.315427303314209 52
1674603125492 2.3185863494873047 53
1674603957825 2.3076655864715576 54
1674604790013 2.307046413421631 55
1674605619539 2.282296657562256 56
1674606450402 2.2819509506225586 57
1674607281206 2.2739663124084473 58
1674608023558 2.2818603515625 59
1674608766553 2.2751991748809814 60
1674609597354 2.250598669052124 61
1674610340897 2.2590785026550293 62
1674611084354 2.267254590988159 63
1674611826988 2.2539052963256836 64
1674612660593 2.2350783348083496 65
1674613513498 2.2319464683532715 66
1674614352212 2.219109296798706 67
1674615095957 2.2255547046661377 68
1674615838830 2.2203447818756104 69
1674616581451 2.2193546295166016 70
1674617324433 2.251960515975952 71
1674618067504 2.246323585510254 72
1674618900305 2.215940237045288 73
1674619643297 2.2160751819610596 74
1674620475678 2.204942226409912 75
1674621218448 2.209766149520874 76
1674621962037 2.207291603088379 77
1674622794658 2.2027721405029297 78
1674623625871 2.189687490463257 79
1674624368596 2.223353385925293 80
1674625111651 2.212167501449585 81
1674625943369 2.1655874252319336 82
1674626685326 2.2260756492614746 83
1674627427498 2.1716201305389404 84
1674628259588 2.1648168563842773 85
1674629002438 2.2025842666625977 86
1674629745624 2.2029316425323486 87
1674630489647 2.190159797668457 88
