1674560311697 5e-07 0
1674561147977 5.52e-07 1
1674561982463 6.04e-07 2
1674562815977 6.56e-07 3
1674563651665 7.08e-07 4
1674564484926 7.6e-07 5
1674565318556 8.12e-07 6
1674566150252 8.64e-07 7
1674566990433 9.16e-07 8
1674567823790 9.68e-07 9
1674568658342 1.02e-06 10
1674569491502 1.072e-06 11
1674570323277 1.124e-06 12
1674571155900 1.176e-06 13
1674571988359 1.228e-06 14
1674572732051 1.28e-06 15
1674573564557 1.332e-06 16
1674574397031 1.384e-06 17
1674575230082 1.436e-06 18
1674576062602 1.488e-06 19
1674576895746 1.54e-06 20
1674577729027 1.592e-06 21
1674578472835 1.644e-06 22
1674579219316 1.696e-06 23
1674580056324 1.748e-06 24
1674580890486 1.8e-06 25
1674581723329 1.8e-06 26
1674582466835 1.80885e-06 27
1674583210687 1.8177e-06 28
1674584042096 1.82655e-06 29
1674584873759 1.8354e-06 30
1674585704495 1.84425e-06 31
1674586537657 1.8531e-06 32
1674587369783 1.86195e-06 33
1674588202986 1.8708e-06 34
1674589034826 1.87965e-06 35
1674589869549 1.8885e-06 36
1674590700252 1.89735e-06 37
1674591533425 1.9062e-06 38
1674592277179 1.91505e-06 39
1674593109929 1.9239e-06 40
1674593853589 1.93275e-06 41
1674594598013 1.9416e-06 42
1674595342505 1.95045e-06 43
1674596086916 1.9593e-06 44
1674596831150 1.96815e-06 45
1674597574776 1.977e-06 46
1674598405579 1.98585e-06 47
1674599238389 1.9947e-06 48
1674600070356 2.00355e-06 49
1674600813601 2.0124e-06 50
1674601556257 2.02125e-06 51
1674602382692 2.0301e-06 52
1674603125492 2.03895e-06 53
1674603957825 2.0478e-06 54
1674604790013 2.05665e-06 55
1674605619539 2.0655e-06 56
1674606450402 2.07435e-06 57
1674607281206 2.0832e-06 58
1674608023558 2.09205e-06 59
1674608766553 2.1009e-06 60
1674609597354 2.10975e-06 61
1674610340897 2.1186e-06 62
1674611084354 2.12745e-06 63
1674611826988 2.1363e-06 64
1674612660593 2.14515e-06 65
1674613513498 2.154e-06 66
1674614352212 2.16285e-06 67
1674615095957 2.1717e-06 68
1674615838830 2.18055e-06 69
1674616581451 2.1894e-06 70
1674617324433 2.19825e-06 71
1674618067504 2.2071e-06 72
1674618900305 2.21595e-06 73
1674619643297 2.2248e-06 74
1674620475678 2.23365e-06 75
1674621218448 2.2425e-06 76
1674621962037 2.25135e-06 77
1674622794658 2.2602e-06 78
1674623625871 2.26905e-06 79
1674624368596 2.2779e-06 80
1674625111651 2.28675e-06 81
1674625943369 2.2956e-06 82
1674626685326 2.30445e-06 83
1674627427498 2.3133e-06 84
1674628259588 2.32215e-06 85
1674629002438 2.331e-06 86
1674629745624 2.33985e-06 87
1674630489647 2.3487e-06 88
