1674560311697 1.3848036527633667 0
1674561147977 1.2930684089660645 1
1674561982463 1.2301100492477417 2
1674562815977 1.129867434501648 3
1674563651665 1.1075588464736938 4
1674564484926 1.0658555030822754 5
1674565318556 1.043013095855713 6
1674566150252 1.0253880023956299 7
1674566990433 0.9865309000015259 8
1674567823790 0.9778746962547302 9
1674568658342 0.9569507837295532 10
1674569491502 0.9506576061248779 11
1674570323277 0.8820868730545044 12
1674571155900 0.8866273760795593 13
1674571988359 0.8629343509674072 14
1674572732051 0.8741967082023621 15
1674573564557 0.8389658331871033 16
1674574397031 0.8106218576431274 17
1674575230082 0.8123347759246826 18
1674576062602 0.8068860769271851 19
1674576895746 0.7850810289382935 20
1674577729027 0.7395139336585999 21
1674578472835 0.7441078424453735 22
1674579219316 0.7239433526992798 23
1674580056324 0.7280554175376892 24
1674580890486 0.711262583732605 25
1674581723329 0.6764598488807678 26
1674582466835 0.6873648166656494 27
1674583210687 0.6835910081863403 28
1674584042096 0.6432016491889954 29
1674584873759 0.627977728843689 30
1674585704495 0.6270661950111389 31
1674586537657 0.6139171123504639 32
1674587369783 0.6159833669662476 33
1674588202986 0.6046891212463379 34
1674589034826 0.581322431564331 35
1674589869549 0.5851457715034485 36
1674590700252 0.5823927521705627 37
1674591533425 0.5482258796691895 38
1674592277179 0.5585748553276062 39
1674593109929 0.5507752895355225 40
1674593853589 0.5630503296852112 41
1674594598013 0.545659601688385 42
1674595342505 0.5406513810157776 43
1674596086916 0.5238234400749207 44
1674596831150 0.5299437642097473 45
1674597574776 0.5248705148696899 46
1674598405579 0.4955112040042877 47
1674599238389 0.4973214268684387 48
1674600070356 0.4934951663017273 49
1674600813601 0.493630051612854 50
1674601556257 0.4953358769416809 51
1674602382692 0.48085176944732666 52
1674603125492 0.4884909391403198 53
1674603957825 0.476532518863678 54
1674604790013 0.48214027285575867 55
1674605619539 0.4535631239414215 56
1674606450402 0.45511576533317566 57
1674607281206 0.4509606659412384 58
1674608023558 0.4627152681350708 59
1674608766553 0.4514206349849701 60
1674609597354 0.43089133501052856 61
1674610340897 0.4411511719226837 62
1674611084354 0.4491269290447235 63
1674611826988 0.4394654929637909 64
1674612660593 0.41776055097579956 65
1674613513498 0.41953784227371216 66
1674614352212 0.4131224751472473 67
1674615095957 0.4246533215045929 68
1674615838830 0.4203278720378876 69
1674616581451 0.407035231590271 70
1674617324433 0.4203316867351532 71
1674618067504 0.41013774275779724 72
1674618900305 0.38925498723983765 73
1674619643297 0.3894497752189636 74
1674620475678 0.38966304063796997 75
1674621218448 0.39631423354148865 76
1674621962037 0.3965967893600464 77
1674622794658 0.39330580830574036 78
1674623625871 0.3803113102912903 79
1674624368596 0.41710540652275085 80
1674625111651 0.40824633836746216 81
1674625943369 0.3642271161079407 82
1674626685326 0.42315709590911865 83
1674627427498 0.37665310502052307 84
1674628259588 0.37578529119491577 85
1674629002438 0.393107533454895 86
1674629745624 0.39949092268943787 87
1674630489647 0.3908841013908386 88
