1675802489492 1.9495253562927246 0
1675804074392 1.809356451034546 1
1675805657959 1.7394945621490479 2
1675807329289 1.7688100337982178 3
1675808868732 1.8221564292907715 4
1675810407990 1.8157697916030884 5
1675811947239 1.814842939376831 6
1675813485555 1.8124185800552368 7
1675815024887 1.8107845783233643 8
1675816563905 1.8094909191131592 9
1675818102753 1.814026951789856 10
1675819640344 1.8101696968078613 11
1675821179561 1.8094043731689453 12
1675822718548 1.8098117113113403 13
1675824257406 1.809422492980957 14
1675825795230 1.8092833757400513 15
1675827333782 1.8091909885406494 16
1675828871974 1.809783697128296 17
1675830410620 1.8090819120407104 18
1675831947128 1.8096001148223877 19
1675833484258 1.8087857961654663 20
