1675802489492 3.0472235679626465 0
1675804074392 2.4804770946502686 1
1675805657959 2.1398611068725586 2
1675807329289 2.0469470024108887 3
1675808868732 2.0367538928985596 4
1675810407990 1.998410940170288 5
1675811947239 1.982803463935852 6
1675813485555 1.9620288610458374 7
1675815024887 1.947275161743164 8
1675816563905 1.9332420825958252 9
1675818102753 1.9663169384002686 10
1675819640344 1.936065673828125 11
1675821179561 1.913010597229004 12
1675822718548 1.9116404056549072 13
1675824257406 1.9083750247955322 14
1675825795230 1.9051117897033691 15
1675827333782 1.8975025415420532 16
1675828871974 1.8992433547973633 17
1675830410620 1.894588589668274 18
1675831947128 1.8918043375015259 19
1675833484258 1.8860341310501099 20
