1675802489492 6e-06 0
1675804074392 4.2749998e-05 1
1675805657959 7.95e-05 2
1675807329289 0.00011625 3
1675808868732 0.000153 4
1675810407990 0.00018975 5
1675811947239 0.0002265 6
1675813485555 0.00026325 7
1675815024887 0.00029999999 8
1675816563905 0.0003 9
1675818102753 0.0003 10
1675819640344 0.0003 11
1675821179561 0.0003 12
1675822718548 0.0003 13
1675824257406 0.0003 14
1675825795230 0.0003 15
1675827333782 0.0003 16
1675828871974 0.0003 17
1675830410620 0.0003 18
1675831947128 0.0003 19
1675833484258 0.0003 20
