1675802489492 1.0976974964141846 0
1675804074392 0.671120285987854 1
1675805657959 0.40036487579345703 2
1675807329289 0.2781375050544739 3
1675808868732 0.21459805965423584 4
1675810407990 0.1826408952474594 5
1675811947239 0.16796021163463593 6
1675813485555 0.14961141347885132 7
1675815024887 0.1364903748035431 8
1675816563905 0.1237533688545227 9
1675818102753 0.1522895097732544 10
1675819640344 0.12589499354362488 11
1675821179561 0.10360768437385559 12
1675822718548 0.1018274649977684 13
1675824257406 0.09895343333482742 14
1675825795230 0.09582974761724472 15
1675827333782 0.08831267803907394 16
1675828871974 0.08945832401514053 17
1675830410620 0.08550673723220825 18
1675831947128 0.08220242708921432 19
1675833484258 0.07724925130605698 20
