1674682752311 2.1406469345092773 0
1674683604572 2.117847204208374 1
1674684459709 2.1022775173187256 2
1674685306961 2.0891029834747314 3
1674686155650 2.078190803527832 4
1674687005498 2.068603277206421 5
1674687854209 2.0613932609558105 6
1674688701298 2.0512442588806152 7
1674689549461 2.0442237854003906 8
1674690398192 2.0374395847320557 9
1674691245804 2.0326552391052246 10
1674692091617 2.027646064758301 11
1674692937604 2.0220298767089844 12
1674693783667 2.014457941055298 13
1674694632844 2.0113718509674072 14
1674695480108 2.0020923614501953 15
1674696327032 2.0011205673217773 16
1674697175626 1.994727373123169 17
1674698022629 1.991079568862915 18
1674698869796 1.9856737852096558 19
1674699718897 1.9835975170135498 20
1674700569959 1.97629976272583 21
1674701416412 1.9716851711273193 22
1674702265558 1.9684650897979736 23
1674703115045 1.9651331901550293 24
1674703963282 1.9629298448562622 25
1674704812969 1.9563156366348267 26
1674705660249 1.9529064893722534 27
1674706507389 1.9475520849227905 28
1674707355883 1.9435243606567383 29
1674708203967 1.9422426223754883 30
1674709052174 1.9387996196746826 31
1674709899930 1.9331891536712646 32
1674710747517 1.9324203729629517 33
1674711597716 1.927930474281311 34
1674712447508 1.9255895614624023 35
1674713295688 1.920230746269226 36
1674714143964 1.917954444885254 37
1674714994468 1.9154354333877563 38
1674715843392 1.9101669788360596 39
1674716691717 1.9079173803329468 40
1674717538580 1.9034923315048218 41
1674718385015 1.9004582166671753 42
1674719231532 1.8963035345077515 43
1674720076786 1.8936289548873901 44
1674720927329 1.8908604383468628 45
1674721778147 1.890027642250061 46
1674722624071 1.8835139274597168 47
1674723470814 1.8825591802597046 48
1674724317370 1.878972053527832 49
1674725163815 1.8757838010787964 50
1674725924998 1.8762894868850708 51
1674726773035 1.8727078437805176 52
1674727623379 1.8661749362945557 53
1674728470017 1.8646361827850342 54
1674729317099 1.8599989414215088 55
1674730078565 1.8614611625671387 56
1674730926892 1.8567126989364624 57
1674731773456 1.8543256521224976 58
1674732624750 1.8535913228988647 59
1674733477514 1.8512719869613647 60
1674734239403 1.8530393838882446 61
1674735090371 1.8454355001449585 62
1674735939217 1.8432024717330933 63
1674736699795 1.8432468175888062 64
1674737550533 1.8429336547851562 65
1674738397759 1.8366079330444336 66
1674739159184 1.8387833833694458 67
1674740008256 1.83559250831604 68
1674740769521 1.8370959758758545 69
1674741530915 1.8385087251663208 70
1674742292792 1.8495452404022217 71
1674743054652 1.8461521863937378 72
1674743815983 1.8419668674468994 73
1674744578059 1.8581651449203491 74
1674745339859 1.8622366189956665 75
1674746101273 1.9020930528640747 76
1674746861952 1.8979181051254272 77
1674747623766 1.8940701484680176 78
1674748385364 1.930524468421936 79
1674749146744 1.9659265279769897 80
1674749907880 1.9513306617736816 81
1674750669390 1.9309841394424438 82
1674751430928 1.9353015422821045 83
1674752192659 1.9383494853973389 84
1674752953234 1.9238735437393188 85
1674753713762 1.8976757526397705 86
1674754474242 1.8906311988830566 87
1674755234570 1.877608299255371 88
1674755994295 1.8879910707473755 89
1674756753823 1.9250221252441406 90
1674757513865 1.9460583925247192 91
1674758273962 1.9271920919418335 92
1674759033668 1.940543532371521 93
1674759793278 2.056130886077881 94
1674760553075 1.9745395183563232 95
1674761312380 1.9456127882003784 96
1674762071887 1.9232513904571533 97
1674762830919 1.8978567123413086 98
1674763590047 1.8840126991271973 99
1674764349802 1.8642653226852417 100
1674765115672 1.870104193687439 101
1674765880173 1.9118170738220215 102
1674766645584 1.947342872619629 103
