1674682752311 3.414001226425171 0
1674683604572 3.238255023956299 1
1674684459709 3.1378958225250244 2
1674685306961 3.064575433731079 3
1674686155650 3.0217537879943848 4
1674687005498 2.974031686782837 5
1674687854209 2.9361002445220947 6
1674688701298 2.9049859046936035 7
1674689549461 2.8679800033569336 8
1674690398192 2.835925817489624 9
1674691245804 2.8074393272399902 10
1674692091617 2.7841031551361084 11
1674692937604 2.7530486583709717 12
1674693783667 2.730644941329956 13
1674694632844 2.708495855331421 14
1674695480108 2.6791651248931885 15
1674696327032 2.6559205055236816 16
1674697175626 2.641306161880493 17
1674698022629 2.61684513092041 18
1674698869796 2.5993669033050537 19
1674699718897 2.5834274291992188 20
1674700569959 2.5620908737182617 21
1674701416412 2.5402567386627197 22
1674702265558 2.527207136154175 23
1674703115045 2.512129545211792 24
1674703963282 2.4956419467926025 25
1674704812969 2.4807932376861572 26
1674705660249 2.465531826019287 27
1674706507389 2.448612689971924 28
1674707355883 2.430779457092285 29
1674708203967 2.4243175983428955 30
1674709052174 2.4095659255981445 31
1674709899930 2.395768165588379 32
1674710747517 2.3867087364196777 33
1674711597716 2.372985363006592 34
1674712447508 2.3590731620788574 35
1674713295688 2.34921932220459 36
1674714143964 2.3380658626556396 37
1674714994468 2.328202962875366 38
1674715843392 2.3172104358673096 39
1674716691717 2.3072736263275146 40
1674717538580 2.294820785522461 41
1674718385015 2.2842321395874023 42
1674719231532 2.276005268096924 43
1674720076786 2.266584873199463 44
1674720927329 2.25917649269104 45
1674721778147 2.2521677017211914 46
1674722624071 2.2394864559173584 47
1674723470814 2.231064558029175 48
1674724317370 2.2255606651306152 49
1674725163815 2.2165944576263428 50
1674725924998 2.2124862670898438 51
1674726773035 2.205925226211548 52
1674727623379 2.1930084228515625 53
1674728470017 2.1879658699035645 54
1674729317099 2.1764299869537354 55
1674730078565 2.1767120361328125 56
1674730926892 2.1668543815612793 57
1674731773456 2.162397623062134 58
1674732624750 2.1585121154785156 59
1674733477514 2.1513378620147705 60
1674734239403 2.148568630218506 61
1674735090371 2.1403088569641113 62
1674735939217 2.1339292526245117 63
1674736699795 2.12974214553833 64
1674737550533 2.128892660140991 65
1674738397759 2.1175265312194824 66
1674739159184 2.118156671524048 67
1674740008256 2.109771966934204 68
1674740769521 2.111295700073242 69
1674741530915 2.108567953109741 70
1674742292792 2.119619131088257 71
1674743054652 2.1145036220550537 72
1674743815983 2.1067609786987305 73
1674744578059 2.1188275814056396 74
1674745339859 2.1257245540618896 75
1674746101273 2.1636970043182373 76
1674746861952 2.1600594520568848 77
1674747623766 2.1553571224212646 78
1674748385364 2.194650650024414 79
1674749146744 2.234696388244629 80
1674749907880 2.2145333290100098 81
1674750669390 2.19101619720459 82
1674751430928 2.1950860023498535 83
1674752192659 2.2017228603363037 84
1674752953234 2.1826322078704834 85
1674753713762 2.152890920639038 86
1674754474242 2.14186954498291 87
1674755234570 2.1303508281707764 88
1674755994295 2.1363468170166016 89
1674756753823 2.1712443828582764 90
1674757513865 2.1939873695373535 91
1674758273962 2.1707611083984375 92
1674759033668 2.180952548980713 93
1674759793278 2.3013575077056885 94
1674760553075 2.2164974212646484 95
1674761312380 2.1850883960723877 96
1674762071887 2.161832332611084 97
1674762830919 2.1328792572021484 98
1674763590047 2.119816780090332 99
1674764349802 2.0963120460510254 100
1674765115672 2.1019232273101807 101
1674765880173 2.1433401107788086 102
1674766645584 2.179612874984741 103
