1674682752311 1.2733553647994995 0
1674683604572 1.120409369468689 1
1674684459709 1.035616397857666 2
1674685306961 0.975471556186676 3
1674686155650 0.9435631036758423 4
1674687005498 0.9054276943206787 5
1674687854209 0.874706506729126 6
1674688701298 0.8537373542785645 7
1674689549461 0.8237582445144653 8
1674690398192 0.7984863519668579 9
1674691245804 0.7747848629951477 10
1674692091617 0.756457507610321 11
1674692937604 0.7310197353363037 12
1674693783667 0.7161856889724731 13
1674694632844 0.6971219778060913 14
1674695480108 0.6770715117454529 15
1674696327032 0.6547984480857849 16
1674697175626 0.6465765237808228 17
1674698022629 0.6257639527320862 18
1674698869796 0.6136964559555054 19
1674699718897 0.5998294949531555 20
1674700569959 0.5857906341552734 21
1674701416412 0.5685696601867676 22
1674702265558 0.5587417483329773 23
1674703115045 0.5469958782196045 24
1674703963282 0.5327131152153015 25
1674704812969 0.5244778394699097 26
1674705660249 0.5126256346702576 27
1674706507389 0.5010624527931213 28
1674707355883 0.48725345730781555 29
1674708203967 0.4820750057697296 30
1674709052174 0.47076666355133057 31
1674709899930 0.46257930994033813 32
1674710747517 0.4542890787124634 33
1674711597716 0.44505491852760315 34
1674712447508 0.4334840476512909 35
1674713295688 0.42899104952812195 36
1674714143964 0.4201115071773529 37
1674714994468 0.4127674996852875 38
1674715843392 0.40704405307769775 39
1674716691717 0.3993561267852783 40
1674717538580 0.39132773876190186 41
1674718385015 0.38377493619918823 42
1674719231532 0.37970298528671265 43
1674720076786 0.37295445799827576 44
1674720927329 0.3683178424835205 45
1674721778147 0.3621393144130707 46
1674722624071 0.3559723198413849 47
1674723470814 0.34850460290908813 48
1674724317370 0.3465885519981384 49
1674725163815 0.34081175923347473 50
1674725924998 0.3361983299255371 51
1674726773035 0.3332182765007019 52
1674727623379 0.326833039522171 53
1674728470017 0.3233276605606079 54
1674729317099 0.31643161177635193 55
1674730078565 0.3152529001235962 56
1674730926892 0.3101422190666199 57
1674731773456 0.3080703914165497 58
1674732624750 0.30491915345191956 59
1674733477514 0.3000650405883789 60
1674734239403 0.2955293357372284 61
1674735090371 0.29487356543540955 62
1674735939217 0.2907249927520752 63
1674736699795 0.286493718624115 64
1674737550533 0.285959392786026 65
1674738397759 0.2809182405471802 66
1674739159184 0.2793731987476349 67
1674740008256 0.2741789221763611 68
1674740769521 0.27420079708099365 69
1674741530915 0.2700599730014801 70
1674742292792 0.27007415890693665 71
1674743054652 0.2683534622192383 72
1674743815983 0.26479384303092957 73
1674744578059 0.26066210865974426 74
1674745339859 0.2634870111942291 75
1674746101273 0.26160335540771484 76
1674746861952 0.26214149594306946 77
1674747623766 0.26128506660461426 78
1674748385364 0.2641240060329437 79
1674749146744 0.26877036690711975 80
1674749907880 0.2632037401199341 81
1674750669390 0.2600320279598236 82
1674751430928 0.25978419184684753 83
1674752192659 0.26337239146232605 84
1674752953234 0.25876039266586304 85
1674753713762 0.25521475076675415 86
1674754474242 0.25123661756515503 87
1674755234570 0.2527419328689575 88
1674755994295 0.24835577607154846 89
1674756753823 0.24622268974781036 90
1674757513865 0.24792852997779846 91
1674758273962 0.24356725811958313 92
1674759033668 0.24040843546390533 93
1674759793278 0.24522659182548523 94
1674760553075 0.24195709824562073 95
1674761312380 0.23947542905807495 96
1674762071887 0.23858022689819336 97
1674762830919 0.23502297699451447 98
1674763590047 0.23580485582351685 99
1674764349802 0.23204883933067322 100
1674765115672 0.23181690275669098 101
1674765880173 0.23152482509613037 102
1674766645584 0.23226885497570038 103
