1674670663889 2.1153323650360107 0
1674671408345 2.0738155841827393 1
1674672153944 2.0370099544525146 2
1674672900102 1.999346137046814 3
1674673645825 1.9701064825057983 4
1674674391504 1.9432297945022583 5
1674675136608 1.9214835166931152 6
1674675882407 1.9038734436035156 7
1674676627533 1.8883014917373657 8
1674677372827 1.8714059591293335 9
1674678117368 1.8626017570495605 10
1674678862748 1.8543614149093628 11
1674679607960 1.8448125123977661 12
1674680353131 1.8351060152053833 13
1674681098187 1.8309990167617798 14
