1674670663889 3.4441986083984375 0
1674671408345 3.244335889816284 1
1674672153944 3.1337783336639404 2
1674672900102 3.0715436935424805 3
1674673645825 2.983851432800293 4
1674674391504 2.935609817504883 5
1674675136608 2.865663766860962 6
1674675882407 2.8335492610931396 7
1674676627533 2.8001062870025635 8
1674677372827 2.7531871795654297 9
1674678117368 2.705702543258667 10
1674678862748 2.71357798576355 11
1674679607960 2.678985595703125 12
1674680353131 2.6506834030151367 13
1674681098187 2.6427507400512695 14
