1674670663889 1.3288685083389282 0
1674671408345 1.170520305633545 1
1674672153944 1.0967683792114258 2
1674672900102 1.0721982717514038 3
1674673645825 1.0137454271316528 4
1674674391504 0.9923801422119141 5
1674675136608 0.9441809058189392 6
1674675882407 0.9296780228614807 7
1674676627533 0.911803126335144 8
1674677372827 0.8817812204360962 9
1674678117368 0.8431023359298706 10
1674678862748 0.8592183589935303 11
1674679607960 0.8341735005378723 12
1674680353131 0.815575122833252 13
1674681098187 0.8117507696151733 14
