1675148417332 2.1356241703033447 0
1675149532598 2.0299854278564453 1
1675150649414 1.932061791419983 2
1675151766030 1.858097791671753 3
1675152881793 1.8168768882751465 4
1675153993418 1.791581153869629 5
1675155074505 1.7683151960372925 6
1675156155098 1.7523685693740845 7
1675157235691 1.7368910312652588 8
1675158420091 1.7169736623764038 9
1675159500676 1.7047792673110962 10
1675160581157 1.6894367933273315 11
1675161662498 1.6752333641052246 12
1675162743909 1.6640652418136597 13
1675163825154 1.65276300907135 14
1675164906672 1.6393800973892212 15
1675165988155 1.6315776109695435 16
1675167069038 1.6223089694976807 17
1675168247592 1.6124297380447388 18
1675169328690 1.6056100130081177 19
1675170410546 1.5967532396316528 20
1675171492489 1.5864120721817017 21
1675172574054 1.5815165042877197 22
1675173655911 1.5726218223571777 23
1675174737673 1.5668412446975708 24
1675175818691 1.5611894130706787 25
1675176900023 1.5522363185882568 26
1675177981944 1.5451942682266235 27
1675179160096 1.5421326160430908 28
1675180241153 1.5338529348373413 29
1675181323665 1.5314513444900513 30
1675182405534 1.5247886180877686 31
1675183486584 1.5182276964187622 32
1675184568144 1.513597846031189 33
1675185649549 1.5089551210403442 34
1675186729991 1.5022777318954468 35
1675187811955 1.4995231628417969 36
1675189023993 1.4961777925491333 37
1675190106057 1.4894299507141113 38
1675191187633 1.485252022743225 39
1675192270079 1.4806514978408813 40
1675193351704 1.4771716594696045 41
1675194433645 1.474088430404663 42
1675195515265 1.4696969985961914 43
1675196597163 1.464969515800476 44
1675197679725 1.4605944156646729 45
1675198855851 1.4596240520477295 46
1675199937481 1.4534755945205688 47
1675201018811 1.4507664442062378 48
1675202100385 1.4493054151535034 49
1675203181546 1.4427474737167358 50
1675204263305 1.4413164854049683 51
1675205343800 1.4377576112747192 52
1675206424864 1.434173822402954 53
1675207507048 1.4311895370483398 54
1675208588353 1.4290704727172852 55
1675209768181 1.423856258392334 56
1675210849164 1.4231469631195068 57
1675211929493 1.422160267829895 58
1675213011391 1.4162517786026 59
1675214092238 1.4152144193649292 60
1675215173543 1.4118680953979492 61
1675216254514 1.4087306261062622 62
1675217335442 1.4090187549591064 63
1675218415756 1.4034007787704468 64
1675219598295 1.4042500257492065 65
1675220679459 1.401334524154663 66
1675221760410 1.3965263366699219 67
1675222840953 1.3940423727035522 68
1675223922622 1.3935141563415527 69
1675225003079 1.3899188041687012 70
1675226083540 1.3898252248764038 71
1675227164841 1.3870699405670166 72
1675228245418 1.3827221393585205 73
1675229429434 1.3820219039916992 74
1675230509454 1.3791332244873047 75
1675231590338 1.3773174285888672 76
1675232672407 1.3764268159866333 77
1675233753204 1.3737484216690063 78
1675234834196 1.3707494735717773 79
1675235914709 1.370182991027832 80
1675236995440 1.3672387599945068 81
1675238076438 1.364256739616394 82
1675239156806 1.3648980855941772 83
1675240335201 1.3618452548980713 84
1675241416452 1.3589422702789307 85
1675242497752 1.357251763343811 86
1675243579612 1.3560214042663574 87
1675244660890 1.354593276977539 88
1675245740750 1.352616548538208 89
1675246822155 1.3506863117218018 90
1675247903524 1.3467233180999756 91
1675248985464 1.3481913805007935 92
1675250163448 1.3463867902755737 93
1675251244354 1.3441860675811768 94
1675252324599 1.3437950611114502 95
1675253406648 1.341210126876831 96
1675254488180 1.336471676826477 97
1675255570122 1.3378466367721558 98
1675256651419 1.3383934497833252 99
1675257731975 1.333824872970581 100
1675258813273 1.3337419033050537 101
1675259894823 1.3297433853149414 102
1675261076916 1.326875925064087 103
1675262158010 1.3302369117736816 104
1675263239287 1.3258894681930542 105
1675264320332 1.3244574069976807 106
1675265401603 1.324429988861084 107
1675266482973 1.320921540260315 108
1675267564215 1.3203017711639404 109
1675268645016 1.3215763568878174 110
1675269725308 1.315195918083191 111
1675270919946 1.3186917304992676 112
1675272000424 1.3158247470855713 113
1675273081334 1.3112872838974 114
1675274162563 1.312699556350708 115
1675275243370 1.3119014501571655 116
1675276323831 1.309584140777588 117
1675277404679 1.3105212450027466 118
1675278486489 1.3076324462890625 119
1675279568719 1.304895043373108 120
