1675148417332 3.7316203117370605 0
1675149532598 3.259384870529175 1
1675150649414 2.971867561340332 2
1675151766030 2.7708868980407715 3
1675152881793 2.628267288208008 4
1675153993418 2.4896373748779297 5
1675155074505 2.3745665550231934 6
1675156155098 2.26505708694458 7
1675157235691 2.1820602416992188 8
1675158420091 2.1030139923095703 9
1675159500676 2.0581700801849365 10
1675160581157 1.996186375617981 11
1675161662498 1.9562135934829712 12
1675162743909 1.9166821241378784 13
1675163825154 1.8905539512634277 14
1675164906672 1.8571406602859497 15
1675165988155 1.8458657264709473 16
1675167069038 1.8215380907058716 17
1675168247592 1.8068698644638062 18
1675169328690 1.7871183156967163 19
1675170410546 1.775599718093872 20
1675171492489 1.754438042640686 21
1675172574054 1.7485357522964478 22
1675173655911 1.7341281175613403 23
1675174737673 1.7277677059173584 24
1675175818691 1.7116127014160156 25
1675176900023 1.7018311023712158 26
1675177981944 1.687778353691101 27
1675179160096 1.686788558959961 28
1675180241153 1.6743690967559814 29
1675181323665 1.6719281673431396 30
1675182405534 1.6562116146087646 31
1675183486584 1.6488146781921387 32
1675184568144 1.6417030096054077 33
1675185649549 1.6358369588851929 34
1675186729991 1.629694938659668 35
1675187811955 1.623772144317627 36
1675189023993 1.6157139539718628 37
1675190106057 1.606695294380188 38
1675191187633 1.6039738655090332 39
1675192270079 1.597334623336792 40
1675193351704 1.5936176776885986 41
1675194433645 1.5864324569702148 42
1675195515265 1.5799036026000977 43
1675196597163 1.5728111267089844 44
1675197679725 1.5720151662826538 45
1675198855851 1.5689812898635864 46
1675199937481 1.563058614730835 47
1675201018811 1.553206205368042 48
1675202100385 1.5536856651306152 49
1675203181546 1.5423800945281982 50
1675204263305 1.5473231077194214 51
1675205343800 1.5397849082946777 52
1675206424864 1.5376675128936768 53
1675207507048 1.5297660827636719 54
1675208588353 1.5284204483032227 55
1675209768181 1.5173074007034302 56
1675210849164 1.5232692956924438 57
1675211929493 1.5191609859466553 58
1675213011391 1.5142042636871338 59
1675214092238 1.508544921875 60
1675215173543 1.5064773559570312 61
1675216254514 1.4992889165878296 62
1675217335442 1.5024337768554688 63
1675218415756 1.4966567754745483 64
1675219598295 1.4986401796340942 65
1675220679459 1.4911277294158936 66
1675221760410 1.4863284826278687 67
1675222840953 1.481569528579712 68
1675223922622 1.4833502769470215 69
1675225003079 1.4794222116470337 70
1675226083540 1.480904459953308 71
1675227164841 1.4728537797927856 72
1675228245418 1.4683153629302979 73
1675229429434 1.466713309288025 74
1675230509454 1.4656128883361816 75
1675231590338 1.4645987749099731 76
1675232672407 1.4635026454925537 77
1675233753204 1.4571291208267212 78
1675234834196 1.4530153274536133 79
1675235914709 1.454563856124878 80
1675236995440 1.4493889808654785 81
1675238076438 1.4485291242599487 82
1675239156806 1.447120189666748 83
1675240335201 1.442341685295105 84
1675241416452 1.4386802911758423 85
1675242497752 1.4395480155944824 86
1675243579612 1.4368810653686523 87
1675244660890 1.437620997428894 88
1675245740750 1.4314250946044922 89
1675246822155 1.4291447401046753 90
1675247903524 1.4228310585021973 91
1675248985464 1.4291244745254517 92
1675250163448 1.424599051475525 93
1675251244354 1.424455165863037 94
1675252324599 1.4202543497085571 95
1675253406648 1.4191991090774536 96
1675254488180 1.4097427129745483 97
1675255570122 1.416567087173462 98
1675256651419 1.4148623943328857 99
1675257731975 1.411651849746704 100
1675258813273 1.4085866212844849 101
1675259894823 1.4055304527282715 102
1675261076916 1.3997713327407837 103
1675262158010 1.4054839611053467 104
1675263239287 1.4012178182601929 105
1675264320332 1.400594711303711 106
1675265401603 1.3973406553268433 107
1675266482973 1.3945709466934204 108
1675267564215 1.392096996307373 109
1675268645016 1.3949295282363892 110
1675269725308 1.388785481452942 111
1675270919946 1.393774151802063 112
1675272000424 1.3873368501663208 113
1675273081334 1.3827838897705078 114
1675274162563 1.3826830387115479 115
1675275243370 1.383882999420166 116
1675276323831 1.382568359375 117
1675277404679 1.383101224899292 118
1675278486489 1.377567172050476 119
1675279568719 1.3738818168640137 120
