1675148417332 5e-08 0
1675149532598 2.545e-06 1
1675150649414 5.04e-06 2
1675151766030 7.535e-06 3
1675152881793 1.003e-05 4
1675153993418 1.2525001e-05 5
1675155074505 1.502e-05 6
1675156155098 1.7515e-05 7
1675157235691 2.001e-05 8
1675158420091 2.2505e-05 9
1675159500676 2.5000001e-05 10
1675160581157 2.5e-05 11
1675161662498 2.5e-05 12
1675162743909 2.5e-05 13
1675163825154 2.5e-05 14
1675164906672 2.5e-05 15
1675165988155 2.5e-05 16
1675167069038 2.5e-05 17
1675168247592 2.5e-05 18
1675169328690 2.5e-05 19
1675170410546 2.5e-05 20
1675171492489 2.5e-05 21
1675172574054 2.5e-05 22
1675173655911 2.5e-05 23
1675174737673 2.5e-05 24
1675175818691 2.5e-05 25
1675176900023 2.5e-05 26
1675177981944 2.5e-05 27
1675179160096 2.5e-05 28
1675180241153 2.5e-05 29
1675181323665 2.5e-05 30
1675182405534 2.5e-05 31
1675183486584 2.5e-05 32
1675184568144 2.5e-05 33
1675185649549 2.5e-05 34
1675186729991 2.5e-05 35
1675187811955 2.5e-05 36
1675189023993 2.5e-05 37
1675190106057 2.5e-05 38
1675191187633 2.5e-05 39
1675192270079 2.5e-05 40
1675193351704 2.5e-05 41
1675194433645 2.5e-05 42
1675195515265 2.5e-05 43
1675196597163 2.5e-05 44
1675197679725 2.5e-05 45
1675198855851 2.5e-05 46
1675199937481 2.5e-05 47
1675201018811 2.5e-05 48
1675202100385 2.5e-05 49
1675203181546 2.5e-05 50
1675204263305 2.5e-05 51
1675205343800 2.5e-05 52
1675206424864 2.5e-05 53
1675207507048 2.5e-05 54
1675208588353 2.5e-05 55
1675209768181 2.5e-05 56
1675210849164 2.5e-05 57
1675211929493 2.5e-05 58
1675213011391 2.5e-05 59
1675214092238 2.5e-05 60
1675215173543 2.5e-05 61
1675216254514 2.5e-05 62
1675217335442 2.5e-05 63
1675218415756 2.5e-05 64
1675219598295 2.5e-05 65
1675220679459 2.5e-05 66
1675221760410 2.5e-05 67
1675222840953 2.5e-05 68
1675223922622 2.5e-05 69
1675225003079 2.5e-05 70
1675226083540 2.5e-05 71
1675227164841 2.5e-05 72
1675228245418 2.5e-05 73
1675229429434 2.5e-05 74
1675230509454 2.5e-05 75
1675231590338 2.5e-05 76
1675232672407 2.5e-05 77
1675233753204 2.5e-05 78
1675234834196 2.5e-05 79
1675235914709 2.5e-05 80
1675236995440 2.5e-05 81
1675238076438 2.5e-05 82
1675239156806 2.5e-05 83
1675240335201 2.5e-05 84
1675241416452 2.5e-05 85
1675242497752 2.5e-05 86
1675243579612 2.5e-05 87
1675244660890 2.5e-05 88
1675245740750 2.5e-05 89
1675246822155 2.5e-05 90
1675247903524 2.5e-05 91
1675248985464 2.5e-05 92
1675250163448 2.5e-05 93
1675251244354 2.5e-05 94
1675252324599 2.5e-05 95
1675253406648 2.5e-05 96
1675254488180 2.5e-05 97
1675255570122 2.5e-05 98
1675256651419 2.5e-05 99
1675257731975 2.5e-05 100
1675258813273 2.5e-05 101
1675259894823 2.5e-05 102
1675261076916 2.5e-05 103
1675262158010 2.5e-05 104
1675263239287 2.5e-05 105
1675264320332 2.5e-05 106
1675265401603 2.5e-05 107
1675266482973 2.5e-05 108
1675267564215 2.5e-05 109
1675268645016 2.5e-05 110
1675269725308 2.5e-05 111
1675270919946 2.5e-05 112
1675272000424 2.5e-05 113
1675273081334 2.5e-05 114
1675274162563 2.5e-05 115
1675275243370 2.5e-05 116
1675276323831 2.5e-05 117
1675277404679 2.5e-05 118
1675278486489 2.5e-05 119
1675279568719 2.5e-05 120
