1675148417332 1.595995545387268 0
1675149532598 1.2294001579284668 1
1675150649414 1.0398083925247192 2
1675151766030 0.9127901196479797 3
1675152881793 0.8113901019096375 4
1675153993418 0.6980562806129456 5
1675155074505 0.6062518954277039 6
1675156155098 0.5126901268959045 7
1675157235691 0.4451674818992615 8
1675158420091 0.38604307174682617 9
1675159500676 0.3533918261528015 10
1675160581157 0.3067489564418793 11
1675161662498 0.2809799313545227 12
1675162743909 0.2526164948940277 13
1675163825154 0.23778843879699707 14
1675164906672 0.21776029467582703 15
1675165988155 0.21428841352462769 16
1675167069038 0.19922655820846558 17
1675168247592 0.19444036483764648 18
1675169328690 0.18150746822357178 19
1675170410546 0.17884822189807892 20
1675171492489 0.16802623867988586 21
1675172574054 0.16701944172382355 22
1675173655911 0.16150595247745514 23
1675174737673 0.16092540323734283 24
1675175818691 0.1504233181476593 25
1675176900023 0.14959341287612915 26
1675177981944 0.14258547127246857 27
1675179160096 0.1446550488471985 28
1675180241153 0.14051595330238342 29
1675181323665 0.1404762864112854 30
1675182405534 0.13142335414886475 31
1675183486584 0.13058684766292572 32
1675184568144 0.12810544669628143 33
1675185649549 0.12688075006008148 34
1675186729991 0.12741804122924805 35
1675187811955 0.12424986809492111 36
1675189023993 0.11953485012054443 37
1675190106057 0.11726485937833786 38
1675191187633 0.11872118711471558 39
1675192270079 0.11668341606855392 40
1675193351704 0.11644574254751205 41
1675194433645 0.11234310269355774 42
1675195515265 0.11020762473344803 43
1675196597163 0.10784098505973816 44
1675197679725 0.11142122745513916 45
1675198855851 0.10935747623443604 46
1675199937481 0.10958267003297806 47
1675201018811 0.10244087129831314 48
1675202100385 0.10438115149736404 49
1675203181546 0.0996328741312027 50
1675204263305 0.1060078889131546 51
1675205343800 0.10202735662460327 52
1675206424864 0.10349360853433609 53
1675207507048 0.09857705235481262 54
1675208588353 0.09934864938259125 55
1675209768181 0.09345241636037827 56
1675210849164 0.10012223571538925 57
1675211929493 0.09700129181146622 58
1675213011391 0.0979536771774292 59
1675214092238 0.0933314859867096 60
1675215173543 0.09460929781198502 61
1675216254514 0.09055820852518082 62
1675217335442 0.09341545403003693 63
1675218415756 0.09325529634952545 64
1675219598295 0.09439002722501755 65
1675220679459 0.08979145437479019 66
1675221760410 0.08980223536491394 67
1675222840953 0.08752591162919998 68
1675223922622 0.08983543515205383 69
1675225003079 0.08950359374284744 70
1675226083540 0.09107948839664459 71
1675227164841 0.08578543365001678 72
1675228245418 0.08559272438287735 73
1675229429434 0.08469211310148239 74
1675230509454 0.08647944778203964 75
1675231590338 0.08727965503931046 76
1675232672407 0.08707601577043533 77
1675233753204 0.08338148146867752 78
1675234834196 0.08226636797189713 79
1675235914709 0.08438006788492203 80
1675236995440 0.08215025812387466 81
1675238076438 0.08427245914936066 82
1675239156806 0.08222165703773499 83
1675240335201 0.08049633353948593 84
1675241416452 0.07973816245794296 85
1675242497752 0.08229652047157288 86
1675243579612 0.08085907250642776 87
1675244660890 0.083028644323349 88
1675245740750 0.07880879193544388 89
1675246822155 0.07845865935087204 90
1675247903524 0.07610540837049484 91
1675248985464 0.08093303442001343 92
1675250163448 0.07821273058652878 93
1675251244354 0.08026926964521408 94
1675252324599 0.07645855844020844 95
1675253406648 0.07798810303211212 96
1675254488180 0.07327265292406082 97
1675255570122 0.07871970534324646 98
1675256651419 0.07646823674440384 99
1675257731975 0.07782705873250961 100
1675258813273 0.07484472543001175 101
1675259894823 0.07578645646572113 102
1675261076916 0.07289542257785797 103
1675262158010 0.07524886727333069 104
1675263239287 0.07532954216003418 105
1675264320332 0.07613697648048401 106
1675265401603 0.07291020452976227 107
1675266482973 0.07365075498819351 108
1675267564215 0.07179569453001022 109
1675268645016 0.07335368543863297 110
1675269725308 0.0735892504453659 111
1675270919946 0.07508260756731033 112
1675272000424 0.07151152193546295 113
1675273081334 0.07149680703878403 114
1675274162563 0.06998259574174881 115
1675275243370 0.07198181748390198 116
1675276323831 0.07298304885625839 117
1675277404679 0.072579026222229 118
1675278486489 0.0699356347322464 119
1675279568719 0.06898821145296097 120
