1676350874020 2.1078615188598633 0
1676352183709 1.8353406190872192 1
1676353399087 1.7032109498977661 2
1676354698125 1.6440603733062744 3
1676355861781 1.606632113456726 4
1676357119854 1.5716527700424194 5
1676358283440 1.538520336151123 6
1676359535904 1.5105923414230347 7
1676360700024 1.4954200983047485 8
1676361957237 1.4635810852050781 9
1676363120979 1.4427075386047363 10
1676364377270 1.420336365699768 11
1676365541374 1.4057035446166992 12
1676366796490 1.389140248298645 13
1676367960348 1.3747869729995728 14
1676369215524 1.3632398843765259 15
1676370379468 1.3560595512390137 16
1676371634917 1.3362529277801514 17
1676372798971 1.3264485597610474 18
1676374054509 1.3200230598449707 19
1676375218553 1.31889808177948 20
1676376475073 1.3007317781448364 21
1676377639568 1.2913832664489746 22
1676378897082 1.2848849296569824 23
1676380061190 1.2834861278533936 24
1676381318911 1.2681770324707031 25
1676382482827 1.2627909183502197 26
1676383737905 1.2565672397613525 27
1676384902516 1.2527434825897217 28
1676386159841 1.244895577430725 29
1676387323545 1.2369239330291748 30
1676388578377 1.237963318824768 31
1676389743787 1.2268553972244263 32
1676391000717 1.221471905708313 33
1676392165059 1.213911771774292 34
1676393421065 1.212449550628662 35
1676394585990 1.2053550481796265 36
1676395844669 1.197742223739624 37
1676397009176 1.1906136274337769 38
1676398266555 1.1957041025161743 39
1676399431212 1.1802598237991333 40
1676400690114 1.1757200956344604 41
1676401854079 1.1758612394332886 42
1676403019351 1.1790648698806763 43
1676404184188 1.165604591369629 44
1676405440454 1.1621769666671753 45
1676406605158 1.1602293252944946 46
1676407863932 1.1584365367889404 47
1676409029657 1.151190996170044 48
1676410286695 1.1483609676361084 49
1676411451466 1.1465779542922974 50
1676412708231 1.1420997381210327 51
1676413872403 1.1398289203643799 52
1676415127539 1.1299294233322144 53
1676416292245 1.1339504718780518 54
1676417550171 1.12930428981781 55
1676418714716 1.1266019344329834 56
1676419972689 1.1191109418869019 57
1676421137058 1.1225897073745728 58
1676422394276 1.1173529624938965 59
1676423558785 1.1101038455963135 60
1676424814605 1.10796320438385 61
1676425979024 1.1179383993148804 62
1676427237553 1.1040476560592651 63
1676428402233 1.099318504333496 64
1676429657940 1.1030102968215942 65
1676430822515 1.1111589670181274 66
1676432082814 1.0942306518554688 67
1676433247856 1.0886306762695312 68
1676434505711 1.0896949768066406 69
1676435669759 1.091541051864624 70
1676436928222 1.0837702751159668 71
1676438092360 1.079416275024414 72
1676439349571 1.082671880722046 73
1676440514170 1.082042932510376 74
