1676350874020 3.09810471534729 0
1676352183709 2.481722116470337 1
1676353399087 2.128263235092163 2
1676354698125 1.9362977743148804 3
1676355861781 1.8148152828216553 4
1676357119854 1.7309272289276123 5
1676358283440 1.6672669649124146 6
1676359535904 1.619957447052002 7
1676360700024 1.5899901390075684 8
1676361957237 1.5478225946426392 9
1676363120979 1.5190006494522095 10
1676364377270 1.4912660121917725 11
1676365541374 1.4711956977844238 12
1676366796490 1.4510273933410645 13
1676367960348 1.4336612224578857 14
1676369215524 1.4196088314056396 15
1676370379468 1.4093856811523438 16
1676371634917 1.3873974084854126 17
1676372798971 1.3760732412338257 18
1676374054509 1.3677823543548584 19
1676375218553 1.3651272058486938 20
1676376475073 1.345003604888916 21
1676377639568 1.3349817991256714 22
1676378897082 1.3271690607070923 23
1676380061190 1.3244847059249878 24
1676381318911 1.3081426620483398 25
1676382482827 1.3021819591522217 26
1676383737905 1.2948064804077148 27
1676384902516 1.2902120351791382 28
1676386159841 1.2812477350234985 29
1676387323545 1.273051142692566 30
1676388578377 1.2731924057006836 31
1676389743787 1.2614871263504028 32
1676391000717 1.2552423477172852 33
1676392165059 1.2475934028625488 34
1676393421065 1.2451868057250977 35
1676394585990 1.2377170324325562 36
1676395844669 1.229720950126648 37
1676397009176 1.2220971584320068 38
1676398266555 1.2267255783081055 39
1676399431212 1.2105087041854858 40
1676400690114 1.2059203386306763 41
1676401854079 1.2056796550750732 42
1676403019351 1.208365559577942 43
1676404184188 1.1942495107650757 44
1676405440454 1.1911348104476929 45
1676406605158 1.1885406970977783 46
1676407863932 1.1862378120422363 47
1676409029657 1.1786097288131714 48
1676410286695 1.17583429813385 49
1676411451466 1.173601508140564 50
1676412708231 1.1687805652618408 51
1676413872403 1.16609525680542 52
1676415127539 1.156207799911499 53
1676416292245 1.1598687171936035 54
1676417550171 1.1551482677459717 55
1676418714716 1.1520156860351562 56
1676419972689 1.1445081233978271 57
1676421137058 1.1475412845611572 58
1676422394276 1.142298936843872 59
1676423558785 1.134786605834961 60
1676424814605 1.1324830055236816 61
1676425979024 1.142531394958496 62
1676427237553 1.1282116174697876 63
1676428402233 1.1233309507369995 64
1676429657940 1.1268490552902222 65
1676430822515 1.135186791419983 66
1676432082814 1.117382287979126 67
1676433247856 1.111930012702942 68
1676434505711 1.1128591299057007 69
1676435669759 1.114519476890564 70
1676436928222 1.1064274311065674 71
1676438092360 1.1022464036941528 72
1676439349571 1.105189323425293 73
1676440514170 1.1044361591339111 74
