1676350874020 6e-06 0
1676352183709 1.4625e-05 1
1676353399087 2.325e-05 2
1676354698125 3.1875003e-05 3
1676355861781 4.0500003e-05 4
1676357119854 4.9125003e-05 5
1676358283440 5.7750003e-05 6
1676359535904 6.6375e-05 7
1676360700024 7.5e-05 8
1676361957237 7.5e-05 9
1676363120979 7.5e-05 10
1676364377270 7.5e-05 11
1676365541374 7.5e-05 12
1676366796490 7.5e-05 13
1676367960348 7.5e-05 14
1676369215524 7.5e-05 15
1676370379468 7.5e-05 16
1676371634917 7.5e-05 17
1676372798971 7.5e-05 18
1676374054509 7.5e-05 19
1676375218553 7.5e-05 20
1676376475073 7.5e-05 21
1676377639568 7.5e-05 22
1676378897082 7.5e-05 23
1676380061190 7.5e-05 24
1676381318911 7.5e-05 25
1676382482827 7.5e-05 26
1676383737905 7.5e-05 27
1676384902516 7.5e-05 28
1676386159841 7.5e-05 29
1676387323545 7.5e-05 30
1676388578377 7.5e-05 31
1676389743787 7.5e-05 32
1676391000717 7.5e-05 33
1676392165059 7.5e-05 34
1676393421065 7.5e-05 35
1676394585990 7.5e-05 36
1676395844669 7.5e-05 37
1676397009176 7.5e-05 38
1676398266555 7.5e-05 39
1676399431212 7.5e-05 40
1676400690114 7.5e-05 41
1676401854079 7.5e-05 42
1676403019351 7.5e-05 43
1676404184188 7.5e-05 44
1676405440454 7.5e-05 45
1676406605158 7.5e-05 46
1676407863932 7.5e-05 47
1676409029657 7.5e-05 48
1676410286695 7.5e-05 49
1676411451466 7.5e-05 50
1676412708231 7.5e-05 51
1676413872403 7.5e-05 52
1676415127539 7.5e-05 53
1676416292245 7.5e-05 54
1676417550171 7.5e-05 55
1676418714716 7.5e-05 56
1676419972689 7.5e-05 57
1676421137058 7.5e-05 58
1676422394276 7.5e-05 59
1676423558785 7.5e-05 60
1676424814605 7.5e-05 61
1676425979024 7.5e-05 62
1676427237553 7.5e-05 63
1676428402233 7.5e-05 64
1676429657940 7.5e-05 65
1676430822515 7.5e-05 66
1676432082814 7.5e-05 67
1676433247856 7.5e-05 68
1676434505711 7.5e-05 69
1676435669759 7.5e-05 70
1676436928222 7.5e-05 71
1676438092360 7.5e-05 72
1676439349571 7.5e-05 73
1676440514170 7.5e-05 74
