1676350874020 0.9902433753013611 0
1676352183709 0.6463807225227356 1
1676353399087 0.425048828125 2
1676354698125 0.292235404253006 3
1676355861781 0.20818498730659485 4
1676357119854 0.15927477180957794 5
1676358283440 0.12874507904052734 6
1676359535904 0.1093636155128479 7
1676360700024 0.09456895291805267 8
1676361957237 0.0842396542429924 9
1676363120979 0.07629337161779404 10
1676364377270 0.07092905789613724 11
1676365541374 0.06549190729856491 12
1676366796490 0.06188681721687317 13
1676367960348 0.05887315049767494 14
1676369215524 0.0563691109418869 15
1676370379468 0.05332553759217262 16
1676371634917 0.05114508792757988 17
1676372798971 0.04962410032749176 18
1676374054509 0.047759778797626495 19
1676375218553 0.0462285578250885 20
1676376475073 0.04427168518304825 21
1676377639568 0.04359832778573036 22
1676378897082 0.04228401929140091 23
1676380061190 0.040998656302690506 24
1676381318911 0.03996409848332405 25
1676382482827 0.03939267247915268 26
1676383737905 0.03823969513177872 27
1676384902516 0.037468940019607544 28
1676386159841 0.036352258175611496 29
1676387323545 0.0361269973218441 30
1676388578377 0.03522961586713791 31
1676389743787 0.0346311517059803 32
1676391000717 0.03377110883593559 33
1676392165059 0.03368197754025459 34
1676393421065 0.03273768350481987 35
1676394585990 0.03236248716711998 36
1676395844669 0.031979039311409 37
1676397009176 0.0314825177192688 38
1676398266555 0.03102109581232071 39
1676399431212 0.03024902008473873 40
1676400690114 0.030199861153960228 41
1676401854079 0.0298173725605011 42
1676403019351 0.029301254078745842 43
1676404184188 0.028645027428865433 44
1676405440454 0.028957774862647057 45
1676406605158 0.028312141075730324 46
1676407863932 0.02780226431787014 47
1676409029657 0.027419036254286766 48
1676410286695 0.027474360540509224 49
1676411451466 0.027024725452065468 50
1676412708231 0.02668149769306183 51
1676413872403 0.026265840977430344 52
1676415127539 0.026276376098394394 53
1676416292245 0.025917617604136467 54
1676417550171 0.025845970958471298 55
1676418714716 0.025413425639271736 56
1676419972689 0.025397278368473053 57
1676421137058 0.024951884523034096 58
1676422394276 0.024944743141531944 59
1676423558785 0.02468319796025753 60
1676424814605 0.0245189368724823 61
1676425979024 0.024593070149421692 62
1676427237553 0.024164412170648575 63
1676428402233 0.024012751877307892 64
1676429657940 0.023838773369789124 65
1676430822515 0.024029698222875595 66
1676432082814 0.023152144625782967 67
1676433247856 0.023298263549804688 68
1676434505711 0.023163700476288795 69
1676435669759 0.02297995053231716 70
1676436928222 0.02265556901693344 71
1676438092360 0.022830262780189514 72
1676439349571 0.022518068552017212 73
1676440514170 0.022393062710762024 74
