1676142906416 2.1101834774017334 0
1676144506233 2.0156450271606445 1
1676146095594 1.932462215423584 2
1676147646176 1.850149393081665 3
1676149197013 1.7713310718536377 4
1676150747169 1.6994457244873047 5
1676152298066 1.628211259841919 6
1676153933591 1.5645737648010254 7
1676155483765 1.5066221952438354 8
1676157034984 1.4506809711456299 9
1676158585884 1.4022974967956543 10
1676160135893 1.3597644567489624 11
1676161686997 1.3200762271881104 12
1676163237121 1.2870585918426514 13
1676164873794 1.2582106590270996 14
1676166424744 1.2263460159301758 15
1676167975064 1.20189368724823 16
1676169526354 1.1808441877365112 17
1676171078249 1.1584748029708862 18
1676172628667 1.141333818435669 19
1676174180137 1.1229679584503174 20
1676175731574 1.1038378477096558 21
1676177366004 1.0925451517105103 22
1676178916954 1.076538324356079 23
1676180468135 1.0625383853912354 24
1676182018453 1.051674485206604 25
1676183569683 1.0436782836914062 26
1676185119923 1.0320353507995605 27
1676186671036 1.0206868648529053 28
1676188308058 1.0072319507598877 29
1676189858245 1.003720760345459 30
1676191409546 0.98895663022995 31
1676192961048 0.9815945625305176 32
1676194511485 0.9810985326766968 33
1676196063635 0.9683564901351929 34
1676197615505 0.9573983550071716 35
1676199166260 0.9549232125282288 36
1676200800389 0.9453865885734558 37
1676202352150 0.9376384019851685 38
1676203902814 0.9383891820907593 39
1676205454628 0.9221314191818237 40
1676207005141 0.9172980189323425 41
1676208557385 0.9156912565231323 42
1676210109617 0.9082043170928955 43
1676211748735 0.9027971029281616 44
1676213301030 0.8917948603630066 45
1676214853552 0.8877654075622559 46
1676216404713 0.886631429195404 47
1676217955851 0.8746747970581055 48
1676219508127 0.8749966621398926 49
1676221059529 0.865922749042511 50
1676222611880 0.8609068989753723 51
1676224246975 0.856381356716156 52
1676225798288 0.8513714075088501 53
1676227350728 0.8440958857536316 54
1676228902343 0.8405370712280273 55
1676230454709 0.8346301913261414 56
1676232007337 0.8318297863006592 57
1676233558781 0.8233411312103271 58
1676235194333 0.822206974029541 59
1676236746697 0.8166936039924622 60
1676238298425 0.8120661377906799 61
1676239851411 0.8083045482635498 62
1676241404077 0.8036332726478577 63
1676242955761 0.7988874912261963 64
1676244508473 0.7951251268386841 65
1676246061201 0.7876510620117188 66
1676247692991 0.7870504856109619 67
1676249244308 0.7816583514213562 68
1676250794877 0.7776169180870056 69
1676252346641 0.7752230763435364 70
1676253898283 0.769369900226593 71
1676255448807 0.764292299747467 72
1676257000418 0.7594748139381409 73
1676258635547 0.7573426961898804 74
1676260185872 0.7595958113670349 75
1676261737177 0.7471154928207397 76
1676263289126 0.7488808035850525 77
1676264839743 0.7445390820503235 78
1676266391626 0.7381941676139832 79
1676267943333 0.7363656163215637 80
1676269493991 0.733735978603363 81
1676271130725 0.7286457419395447 82
1676272681348 0.7244040369987488 83
1676274232688 0.7251352071762085 84
1676275784548 0.7165964245796204 85
1676277335317 0.7214235067367554 86
1676278886882 0.7119130492210388 87
1676280437935 0.7064833641052246 88
1676282072008 0.7165231108665466 89
1676283623381 0.6983540654182434 90
1676285175073 0.6953921914100647 91
1676286725282 0.6939345598220825 92
1676288277033 0.6966826915740967 93
1676289828536 0.6869835257530212 94
1676291379108 0.6875890493392944 95
1676292931008 0.6901922821998596 96
1676294566681 0.6816220283508301 97
1676296118636 0.6714062690734863 98
