1676142906416 3.163621664047241 0
1676144506233 2.753889799118042 1
1676146095594 2.4378552436828613 2
1676147646176 2.1909267902374268 3
1676149197013 2.0121800899505615 4
1676150747169 1.883455514907837 5
1676152298066 1.776333212852478 6
1676153933591 1.6896162033081055 7
1676155483765 1.6171395778656006 8
1676157034984 1.549063801765442 9
1676158585884 1.492457389831543 10
1676160135893 1.4448977708816528 11
1676161686997 1.399411678314209 12
1676163237121 1.3632512092590332 13
1676164873794 1.3310340642929077 14
1676166424744 1.2961485385894775 15
1676167975064 1.269846796989441 16
1676169526354 1.2464369535446167 17
1676171078249 1.221839189529419 18
1676172628667 1.203654170036316 19
1676174180137 1.1833460330963135 20
1676175731574 1.1628257036209106 21
1676177366004 1.1509816646575928 22
1676178916954 1.1330955028533936 23
1676180468135 1.1177937984466553 24
1676182018453 1.106210708618164 25
1676183569683 1.0971407890319824 26
1676185119923 1.0854302644729614 27
1676186671036 1.0725213289260864 28
1676188308058 1.0579044818878174 29
1676189858245 1.0543277263641357 30
1676191409546 1.0385503768920898 31
1676192961048 1.0303341150283813 32
1676194511485 1.0296379327774048 33
1676196063635 1.0160596370697021 34
1676197615505 1.004568338394165 35
1676199166260 1.0019561052322388 36
1676200800389 0.9914728403091431 37
1676202352150 0.9833977222442627 38
1676203902814 0.9839841723442078 39
1676205454628 0.9666393399238586 40
1676207005141 0.961614191532135 41
1676208557385 0.9597278833389282 42
1676210109617 0.9518389701843262 43
1676211748735 0.9461634755134583 44
1676213301030 0.9345796704292297 45
1676214853552 0.9300482273101807 46
1676216404713 0.928930938243866 47
1676217955851 0.9168160557746887 48
1676219508127 0.9164687991142273 49
1676221059529 0.9074148535728455 50
1676222611880 0.9016313552856445 51
1676224246975 0.8969736695289612 52
1676225798288 0.8920055627822876 53
1676227350728 0.8839406371116638 54
1676228902343 0.8807411193847656 55
1676230454709 0.8742558360099792 56
1676232007337 0.8712812066078186 57
1676233558781 0.8624053001403809 58
1676235194333 0.8610266447067261 59
1676236746697 0.8553552627563477 60
1676238298425 0.8506467938423157 61
1676239851411 0.8465653657913208 62
1676241404077 0.8417973518371582 63
1676242955761 0.8369184136390686 64
1676244508473 0.8326165080070496 65
1676246061201 0.8255314230918884 66
1676247692991 0.8243159055709839 67
1676249244308 0.8185339570045471 68
1676250794877 0.8147214651107788 69
1676252346641 0.812041699886322 70
1676253898283 0.8057845234870911 71
1676255448807 0.8007365465164185 72
1676257000418 0.7956255078315735 73
1676258635547 0.7935070395469666 74
1676260185872 0.7960325479507446 75
1676261737177 0.78275465965271 76
1676263289126 0.7845578789710999 77
1676264839743 0.7801603674888611 78
1676266391626 0.7735763192176819 79
1676267943333 0.7716503739356995 80
1676269493991 0.7688495516777039 81
1676271130725 0.7637397646903992 82
1676272681348 0.7592341303825378 83
1676274232688 0.7598797082901001 84
1676275784548 0.7510335445404053 85
1676277335317 0.7564157843589783 86
1676278886882 0.7461327314376831 87
1676280437935 0.7405743598937988 88
1676282072008 0.7513461709022522 89
1676283623381 0.7321369051933289 90
1676285175073 0.7294934988021851 91
1676286725282 0.7282587885856628 92
1676288277033 0.7301961183547974 93
1676289828536 0.7204752564430237 94
1676291379108 0.721170961856842 95
1676292931008 0.7239160537719727 96
1676294566681 0.7151251435279846 97
1676296118636 0.7045983076095581 98
