1676142906416 6e-06 0
1676144506233 1.4625e-05 1
1676146095594 2.325e-05 2
1676147646176 3.1875003e-05 3
1676149197013 4.0500003e-05 4
1676150747169 4.9125003e-05 5
1676152298066 5.7750003e-05 6
1676153933591 6.6375e-05 7
1676155483765 7.5e-05 8
1676157034984 7.5e-05 9
1676158585884 7.5e-05 10
1676160135893 7.5e-05 11
1676161686997 7.5e-05 12
1676163237121 7.5e-05 13
1676164873794 7.5e-05 14
1676166424744 7.5e-05 15
1676167975064 7.5e-05 16
1676169526354 7.5e-05 17
1676171078249 7.5e-05 18
1676172628667 7.5e-05 19
1676174180137 7.5e-05 20
1676175731574 7.5e-05 21
1676177366004 7.5e-05 22
1676178916954 7.5e-05 23
1676180468135 7.5e-05 24
1676182018453 7.5e-05 25
1676183569683 7.5e-05 26
1676185119923 7.5e-05 27
1676186671036 7.5e-05 28
1676188308058 7.5e-05 29
1676189858245 7.5e-05 30
1676191409546 7.5e-05 31
1676192961048 7.5e-05 32
1676194511485 7.5e-05 33
1676196063635 7.5e-05 34
1676197615505 7.5e-05 35
1676199166260 7.5e-05 36
1676200800389 7.5e-05 37
1676202352150 7.5e-05 38
1676203902814 7.5e-05 39
1676205454628 7.5e-05 40
1676207005141 7.5e-05 41
1676208557385 7.5e-05 42
1676210109617 7.5e-05 43
1676211748735 7.5e-05 44
1676213301030 7.5e-05 45
1676214853552 7.5e-05 46
1676216404713 7.5e-05 47
1676217955851 7.5e-05 48
1676219508127 7.5e-05 49
1676221059529 7.5e-05 50
1676222611880 7.5e-05 51
1676224246975 7.5e-05 52
1676225798288 7.5e-05 53
1676227350728 7.5e-05 54
1676228902343 7.5e-05 55
1676230454709 7.5e-05 56
1676232007337 7.5e-05 57
1676233558781 7.5e-05 58
1676235194333 7.5e-05 59
1676236746697 7.5e-05 60
1676238298425 7.5e-05 61
1676239851411 7.5e-05 62
1676241404077 7.5e-05 63
1676242955761 7.5e-05 64
1676244508473 7.5e-05 65
1676246061201 7.5e-05 66
1676247692991 7.5e-05 67
1676249244308 7.5e-05 68
1676250794877 7.5e-05 69
1676252346641 7.5e-05 70
1676253898283 7.5e-05 71
1676255448807 7.5e-05 72
1676257000418 7.5e-05 73
1676258635547 7.5e-05 74
1676260185872 7.5e-05 75
1676261737177 7.5e-05 76
1676263289126 7.5e-05 77
1676264839743 7.5e-05 78
1676266391626 7.5e-05 79
1676267943333 7.5e-05 80
1676269493991 7.5e-05 81
1676271130725 7.5e-05 82
1676272681348 7.5e-05 83
1676274232688 7.5e-05 84
1676275784548 7.5e-05 85
1676277335317 7.5e-05 86
1676278886882 7.5e-05 87
1676280437935 7.5e-05 88
1676282072008 7.5e-05 89
1676283623381 7.5e-05 90
1676285175073 7.5e-05 91
1676286725282 7.5e-05 92
1676288277033 7.5e-05 93
1676289828536 7.5e-05 94
1676291379108 7.5e-05 95
1676292931008 7.5e-05 96
1676294566681 7.5e-05 97
1676296118636 7.5e-05 98
