1676142906416 1.0534366369247437 0
1676144506233 0.7382440567016602 1
1676146095594 0.505394458770752 2
1676147646176 0.3407793641090393 3
1676149197013 0.2408490628004074 4
1676150747169 0.1840098798274994 5
1676152298066 0.14812177419662476 6
1676153933591 0.1250426024198532 7
1676155483765 0.11051851511001587 8
1676157034984 0.09838242828845978 9
1676158585884 0.09015954285860062 10
1676160135893 0.08513227105140686 11
1676161686997 0.07933417707681656 12
1676163237121 0.07619255781173706 13
1676164873794 0.07282409816980362 14
1676166424744 0.06980208307504654 15
1676167975064 0.06795399636030197 16
1676169526354 0.0655934140086174 17
1676171078249 0.06336482614278793 18
1676172628667 0.06232132017612457 19
1676174180137 0.060378775000572205 20
1676175731574 0.05898808315396309 21
1676177366004 0.05843633413314819 22
1676178916954 0.05655631422996521 23
1676180468135 0.055255647748708725 24
1676182018453 0.054535873234272 25
1676183569683 0.05346288904547691 26
1676185119923 0.053395602852106094 27
1676186671036 0.05183446407318115 28
1676188308058 0.05067337676882744 29
1676189858245 0.050607405602931976 30
1676191409546 0.04959378018975258 31
1676192961048 0.04874023422598839 32
1676194511485 0.04853897914290428 33
1676196063635 0.0477033406496048 34
1676197615505 0.04717046394944191 35
1676199166260 0.04703349247574806 36
1676200800389 0.046085912734270096 37
1676202352150 0.04575930908322334 38
1676203902814 0.04559393972158432 39
1676205454628 0.04450799524784088 40
1676207005141 0.0443166121840477 41
1676208557385 0.04403595253825188 42
1676210109617 0.043635547161102295 43
1676211748735 0.043367087841033936 44
1676213301030 0.04278542473912239 45
1676214853552 0.042281799018383026 46
1676216404713 0.04229918122291565 47
1676217955851 0.0421411469578743 48
1676219508127 0.041472140699625015 49
1676221059529 0.04149250313639641 50
1676222611880 0.04072468727827072 51
1676224246975 0.0405910424888134 52
1676225798288 0.040633946657180786 53
1676227350728 0.039845146238803864 54
1676228902343 0.04020345211029053 55
1676230454709 0.03962571173906326 56
1676232007337 0.03945142403244972 57
1676233558781 0.039064716547727585 58
1676235194333 0.038819752633571625 59
1676236746697 0.03866070136427879 60
1676238298425 0.03858125954866409 61
1676239851411 0.0382603295147419 62
1676241404077 0.038164615631103516 63
1676242955761 0.03803087770938873 64
1676244508473 0.037490908056497574 65
1676246061201 0.03788067027926445 66
1676247692991 0.037264879792928696 67
1676249244308 0.03687528520822525 68
1676250794877 0.037103794515132904 69
1676252346641 0.036817386746406555 70
1676253898283 0.03641573712229729 71
1676255448807 0.036444347351789474 72
1676257000418 0.03615184128284454 73
1676258635547 0.036164361983537674 74
1676260185872 0.03643687069416046 75
1676261737177 0.035640522837638855 76
1676263289126 0.03567684814333916 77
1676264839743 0.03562066704034805 78
1676266391626 0.03538179770112038 79
1676267943333 0.03528450429439545 80
1676269493991 0.035112932324409485 81
1676271130725 0.035094212740659714 82
1676272681348 0.034830279648303986 83
1676274232688 0.034744177013635635 84
1676275784548 0.03443681448698044 85
1676277335317 0.03499295935034752 86
1676278886882 0.03421996906399727 87
1676280437935 0.03409060835838318 88
1676282072008 0.03482358902692795 89
1676283623381 0.03378257527947426 90
1676285175073 0.03410119190812111 91
1676286725282 0.034324146807193756 92
1676288277033 0.03351275250315666 93
1676289828536 0.033492013812065125 94
1676291379108 0.03358108922839165 95
1676292931008 0.033723484724760056 96
1676294566681 0.03350307419896126 97
1676296118636 0.03319252282381058 98
