1679010070234 1.9582940340042114 0
1679011770377 1.7809439897537231 1
1679013370150 1.6753042936325073 2
1679015021868 1.6168419122695923 3
1679016563196 1.5700054168701172 4
1679018214423 1.5328119993209839 5
1679019755924 1.4989932775497437 6
1679021414829 1.4634462594985962 7
1679022955641 1.4380443096160889 8
1679024609793 1.4069916009902954 9
1679026151355 1.3823708295822144 10
1679027805646 1.3607410192489624 11
1679029347146 1.3415913581848145 12
1679031001951 1.3222081661224365 13
1679032544755 1.308168888092041 14
1679034199093 1.2934051752090454 15
1679035740402 1.2759078741073608 16
1679037390643 1.266161561012268 17
1679038933014 1.2511953115463257 18
1679040590602 1.2423590421676636 19
1679042133502 1.2289026975631714 20
1679043789804 1.2192604541778564 21
1679045331810 1.2095683813095093 22
1679046987787 1.2013188600540161 23
1679048530097 1.193955659866333 24
1679050180664 1.1879125833511353 25
1679051723337 1.1752222776412964 26
1679053379266 1.1742111444473267 27
1679054922235 1.1633554697036743 28
1679056575264 1.1590521335601807 29
1679058117206 1.152060866355896 30
1679059772131 1.1439785957336426 31
1679061314960 1.137714147567749 32
1679062967747 1.1343467235565186 33
1679064511330 1.1290160417556763 34
1679066168186 1.1247589588165283 35
1679067710422 1.116775393486023 36
1679069365082 1.1110541820526123 37
1679070907710 1.1115223169326782 38
1679072564519 1.1035774946212769 39
1679074107450 1.0955082178115845 40
1679075761536 1.0933740139007568 41
1679077304618 1.0895617008209229 42
1679078959477 1.083604335784912 43
1679080501918 1.079829454421997 44
1679082152531 1.0807665586471558 45
1679083695544 1.0718052387237549 46
1679085351530 1.0698292255401611 47
1679086894484 1.0667917728424072 48
1679088544453 1.063522458076477 49
1679090087155 1.0576928853988647 50
1679091745591 1.0526742935180664 51
1679093287943 1.0519659519195557 52
1679094831146 1.0542511940002441 53
1679096374244 1.0453314781188965 54
1679098024564 1.041110634803772 55
1679099567691 1.0415990352630615 56
1679101225005 1.0352118015289307 57
1679102767217 1.0343388319015503 58
1679104413391 1.0306349992752075 59
1679105956572 1.0255560874938965 60
1679107610292 1.0212455987930298 61
1679109153267 1.0202192068099976 62
1679110804133 1.019480586051941 63
1679112346875 1.0170707702636719 64
1679113999888 1.0095162391662598 65
1679115542069 1.0115911960601807 66
1679117193086 1.0072672367095947 67
1679118736368 1.0011640787124634 68
1679120392294 1.0004533529281616 69
1679121935073 1.001919150352478 70
1679123584889 0.993837833404541 71
1679125127132 0.9952675700187683 72
1679126781640 0.9937156438827515 73
1679128324347 0.9873353838920593 74
1679129977880 0.986331045627594 75
1679131521228 0.9837083220481873 76
1679133174972 0.983528196811676 77
1679134717851 0.9766614437103271 78
1679136366006 0.9713152050971985 79
1679137908149 0.9609842896461487 80
1679139563738 0.9509317874908447 81
1679141106824 0.941731333732605 82
1679142757605 0.934682309627533 83
1679144300350 0.9229429364204407 84
1679145953254 0.9142202734947205 85
1679147495535 0.9019924402236938 86
1679149150708 0.8944541215896606 87
1679150693018 0.8899776935577393 88
1679152350234 0.8854894638061523 89
1679153893797 0.8834973573684692 90
1679155436634 0.8865588903427124 91
1679156979908 0.8834579586982727 92
1679158632100 0.8799795508384705 93
1679160172102 0.8833019137382507 94
1679161715772 0.8812207579612732 95
1679163259022 0.8801209330558777 96
1679164801739 0.8811283111572266 97
1679166344239 0.8814466595649719 98
1679167887373 0.8806809186935425 99
1679169429682 0.880619466304779 100
1679171090166 0.8761809468269348 101
1679172632013 0.8816776275634766 102
1679174292930 0.8761569857597351 103
1679175836282 0.8770089149475098 104
1679177378902 0.8776881694793701 105
1679178921320 0.874793529510498 106
1679180581380 0.8757650256156921 107
1679182123254 0.876317024230957 108
1679183785000 0.875115692615509 109
1679185327774 0.8753484487533569 110
1679186870276 0.8752272725105286 111
1679188413038 0.8739165663719177 112
1679189955523 0.877144992351532 113
1679191499270 0.8759469389915466 114
1679193160343 0.8726990222930908 115
1679194702046 0.8754757046699524 116
1679196244618 0.8735565543174744 117
1679197787461 0.8709015846252441 118
1679199446038 0.8726771473884583 119
1679200988673 0.8713442087173462 120
1679202652713 0.8701109886169434 121
1679204194940 0.8718445301055908 122
1679205737784 0.8714104294776917 123
1679207280714 0.869687020778656 124
1679208822936 0.8704208731651306 125
1679210366138 0.8699978590011597 126
1679211907990 0.8731563687324524 127
1679213451203 0.868852436542511 128
1679215115823 0.8696532845497131 129
1679216657558 0.8698571920394897 130
1679218316327 0.8684329390525818 131
1679219858712 0.8671379089355469 132
1679221401530 0.869228184223175 133
1679222944247 0.8672899603843689 134
1679224609445 0.8683041930198669 135
1679226150583 0.8668037056922913 136
1679227811812 0.8648677468299866 137
1679229353316 0.8685107827186584 138
1679230895503 0.869012713432312 139
1679232437855 0.863487720489502 140
1679233979319 0.8674359917640686 141
1679235521316 0.8663429617881775 142
1679237181333 0.8623349666595459 143
1679238724161 0.8669198155403137 144
1679240267436 0.8630805611610413 145
1679241810905 0.8629094362258911 146
1679243353876 0.8655491471290588 147
1679244897749 0.8648172616958618 148
1679246441155 0.8623679876327515 149
1679247983602 0.8649526238441467 150
1679249648683 0.8610623478889465 151
1679251190388 0.8653490543365479 152
1679252733129 0.8612051606178284 153
1679254275727 0.8619282841682434 154
1679255819267 0.8636077642440796 155
1679257362076 0.8597843647003174 156
1679259022039 0.8603963255882263 157
1679260564247 0.8628912568092346 158
1679262106838 0.8614192605018616 159
1679263649741 0.8609053492546082 160
1679265304733 0.8589297533035278 161
1679266847329 0.8576047420501709 162
1679268389206 0.8597595691680908 163
1679269931881 0.8603649139404297 164
1679271589753 0.8583944439888 165
1679273131644 0.8615325093269348 166
1679274673726 0.8597508072853088 167
1679276216237 0.8585663437843323 168
1679277875291 0.8583779335021973 169
1679279417694 0.856458842754364 170
1679281074092 0.8574270009994507 171
1679282615734 0.8594352602958679 172
1679284157532 0.8582764863967896 173
1679285699832 0.8557330369949341 174
1679287240764 0.8580428957939148 175
1679288783219 0.8546137809753418 176
1679290324291 0.8581587672233582 177
1679291866495 0.8561462163925171 178
1679293531063 0.8553914427757263 179
1679295073054 0.8567460775375366 180
1679296775966 0.8540542721748352 181
1679298318089 0.8533383011817932 182
1679299859773 0.856005847454071 183
1679301402078 0.8548319935798645 184
1679302944696 0.8569294810295105 185
1679304484248 0.8538939952850342 186
1679306153542 0.8522512912750244 187
1679307694831 0.8529244661331177 188
1679309241215 0.8557744026184082 189
1679310783796 0.850431501865387 190
1679312326172 0.8552992343902588 191
1679313868809 0.8522660732269287 192
1679315537017 0.8504889607429504 193
1679317079322 0.8538799285888672 194
1679318622581 0.8506044745445251 195
1679320165465 0.8511645197868347 196
1679321708044 0.8527660965919495 197
1679323250728 0.8513337969779968 198
1679324913921 0.8498353958129883 199
1679326455914 0.8520405292510986 200
1679328121394 0.8486180901527405 201
1679329663629 0.8524603843688965 202
1679331207073 0.8507438898086548 203
1679332749921 0.8496121168136597 204
1679334292634 0.8511855602264404 205
1679335835753 0.8484928607940674 206
1679337501514 0.8478132486343384 207
1679339043784 0.849498450756073 208
1679340587040 0.8494840264320374 209
1679342130070 0.8484021425247192 210
1679343795105 0.8477613925933838 211
1679345338630 0.845999538898468 212
1679346882687 0.8491587042808533 213
1679348426373 0.8479514122009277 214
1679350090094 0.8464562892913818 215
1679351632342 0.8486504554748535 216
1679353296065 0.8458924889564514 217
1679354835398 0.8456469178199768 218
1679356372952 0.8480578064918518 219
1679357910556 0.8445500135421753 220
1679359571816 0.8440402150154114 221
1679361104510 0.8476468920707703 222
1679362638180 0.8452939391136169 223
1679364171732 0.8440703749656677 224
1679365705137 0.8460544347763062 225
1679367238960 0.8425012230873108 226
1679368772513 0.848636269569397 227
1679370306587 0.8443084359169006 228
1679371961919 0.8434062600135803 229
1679373494371 0.8463496565818787 230
1679375149029 0.841567873954773 231
1679376682526 0.8424703478813171 232
1679378215984 0.8448979258537292 233
1679379749339 0.8426904678344727 234
1679381283199 0.8436230421066284 235
1679382816350 0.8421809673309326 236
1679384468661 0.8407162427902222 237
1679386001620 0.8438077569007874 238
1679387535621 0.8436354994773865 239
1679389069365 0.839718759059906 240
1679390602960 0.8445855379104614 241
1679392136924 0.8417063355445862 242
1679393795188 0.8386912941932678 243
1679395328334 0.8428375720977783 244
1679396862655 0.8391930460929871 245
1679398396809 0.8389397859573364 246
1679399930669 0.8412421941757202 247
1679401465529 0.8406402468681335 248
1679403000459 0.8395413756370544 249
1679404534507 0.841387927532196 250
1679406183263 0.8385683298110962 251
1679407716995 0.840474009513855 252
1679409251961 0.8387666344642639 253
1679410788560 0.8383145332336426 254
1679412324617 0.8387625813484192 255
1679413860352 0.8362773656845093 256
1679415516194 0.838517963886261 257
1679417050838 0.8381026387214661 258
1679418713270 0.8364149928092957 259
1679420250109 0.8385151624679565 260
1679421786710 0.8376296162605286 261
1679423323858 0.8358516097068787 262
1679424860035 0.8394047021865845 263
1679426396667 0.8398708701133728 264
1679428054007 0.8358324766159058 265
1679429589499 0.8377118706703186 266
1679431126372 0.8363150358200073 267
1679432662643 0.8345808982849121 268
1679434198346 0.8371185660362244 269
1679435734742 0.8346266150474548 270
1679437394497 0.8343539237976074 271
1679438930098 0.8353332281112671 272
1679440466561 0.8362816572189331 273
1679442002933 0.833566427230835 274
1679443661233 0.8341974020004272 275
1679445197598 0.8310436606407166 276
1679446733597 0.8353387713432312 277
1679448269773 0.8341706395149231 278
1679449927034 0.8328568339347839 279
1679451461868 0.8344269394874573 280
1679452998794 0.8328948020935059 281
1679454535215 0.8324817419052124 282
1679456071051 0.8343981504440308 283
1679457607422 0.8332778215408325 284
1679459143720 0.8329165577888489 285
1679460679533 0.8309838771820068 286
1679462336061 0.82975834608078 287
1679463871114 0.8327089548110962 288
1679465407330 0.8340882658958435 289
1679466943795 0.8306517601013184 290
1679468479560 0.8346468210220337 291
1679470015844 0.8310926556587219 292
1679471668407 0.8286568522453308 293
1679473203791 0.8316612243652344 294
1679474740151 0.8294172286987305 295
1679476276469 0.8297677636146545 296
1679477812475 0.830158531665802 297
1679479349231 0.831156849861145 298
1679481008063 0.8268939852714539 299
1679482543339 0.8312757611274719 300
1679484079700 0.82697993516922 301
1679485614832 0.83157879114151 302
1679487150891 0.8290312886238098 303
1679488686881 0.8286269307136536 304
1679490222390 0.8302319049835205 305
1679491758697 0.8276751041412354 306
1679493414387 0.8268010020256042 307
1679494950404 0.8294654488563538 308
1679496609041 0.8262959122657776 309
1679498146199 0.8281063437461853 310
1679499683265 0.8264098167419434 311
1679501220289 0.8236864805221558 312
1679502759454 0.8263998627662659 313
1679504297978 0.8256186246871948 314
1679506008889 0.8260372877120972 315
1679507545388 0.827652096748352 316
1679509204890 0.824164628982544 317
1679510741724 0.8242902159690857 318
1679512278130 0.8275730609893799 319
1679513814850 0.8240504264831543 320
1679515351881 0.8249174952507019 321
1679516888337 0.8266171813011169 322
1679518425428 0.8250043988227844 323
1679519963186 0.8229044079780579 324
1679521504937 0.8271359801292419 325
1679523045882 0.8235626816749573 326
1679524589105 0.8260692954063416 327
1679526131751 0.8247785568237305 328
1679527795257 0.8221400380134583 329
1679529337467 0.823773980140686 330
1679530880407 0.8227241635322571 331
1679532423498 0.8220387101173401 332
1679533966662 0.8234983086585999 333
1679535510105 0.822745144367218 334
1679537053404 0.823049783706665 335
1679538596366 0.8237653970718384 336
1679540260489 0.8191165924072266 337
1679541802389 0.8238007426261902 338
1679543345436 0.8219460248947144 339
1679544888060 0.8200998902320862 340
1679546430176 0.8242192268371582 341
1679547972723 0.8205552697181702 342
1679549515650 0.8196763396263123 343
1679551057846 0.822266697883606 344
1679552600742 0.8192241787910461 345
1679554143918 0.8191991448402405 346
1679555686280 0.8224349617958069 347
1679557231340 0.8207873106002808 348
1679558903652 0.8172681927680969 349
1679560452040 0.8209443092346191 350
1679561997831 0.8181024789810181 351
1679563545982 0.8207882642745972 352
1679565092356 0.8206278085708618 353
1679566638117 0.8181222677230835 354
1679568186047 0.8205905556678772 355
1679569732879 0.8179779648780823 356
1679571410272 0.8172640204429626 357
1679572955351 0.818003237247467 358
1679574632222 0.8168327808380127 359
1679576179471 0.8188099265098572 360
1679577726255 0.8188519477844238 361
1679579276189 0.8157953023910522 362
1679580822600 0.8181675672531128 363
1679582372387 0.8191675543785095 364
1679583919937 0.817513108253479 365
1679585469728 0.819822371006012 366
1679587144993 0.8159981966018677 367
1679588690976 0.8146335482597351 368
1679590239987 0.818730890750885 369
1679591786237 0.8155410289764404 370
1679593465983 0.8146737813949585 371
1679595012372 0.8175516724586487 372
1679596562264 0.8169706463813782 373
1679598108484 0.8150855302810669 374
1679599653408 0.8193515539169312 375
1679601201974 0.8149065971374512 376
1679602747971 0.8164801597595215 377
