1679010070234 2.9315922260284424 0
1679011770377 2.409775972366333 1
1679013370150 2.0800282955169678 2
1679015021868 1.8897935152053833 3
1679016563196 1.7638155221939087 4
1679018214423 1.6800278425216675 5
1679019755924 1.6179900169372559 6
1679021414829 1.5646188259124756 7
1679022955641 1.5257564783096313 8
1679024609793 1.484856367111206 9
1679026151355 1.4529904127120972 10
1679027805646 1.4257538318634033 11
1679029347146 1.4023094177246094 12
1679031001951 1.378944754600525 13
1679032544755 1.361948847770691 14
1679034199093 1.3451292514801025 15
1679035740402 1.324609398841858 16
1679037390643 1.31307852268219 17
1679038933014 1.2966316938400269 18
1679040590602 1.2858970165252686 19
1679042133502 1.2710562944412231 20
1679043789804 1.2602237462997437 21
1679045331810 1.2493149042129517 22
1679046987787 1.2401384115219116 23
1679048530097 1.23175048828125 24
1679050180664 1.2244924306869507 25
1679051723337 1.2113890647888184 26
1679053379266 1.2093079090118408 27
1679054922235 1.1977258920669556 28
1679056575264 1.1929080486297607 29
1679058117206 1.1850968599319458 30
1679059772131 1.1763055324554443 31
1679061314960 1.1697567701339722 32
1679062967747 1.165739893913269 33
1679064511330 1.159807801246643 34
1679066168186 1.155229091644287 35
1679067710422 1.146554708480835 36
1679069365082 1.1405609846115112 37
1679070907710 1.1408120393753052 38
1679072564519 1.132042646408081 39
1679074107450 1.1240193843841553 40
1679075761536 1.1211944818496704 41
1679077304618 1.117057204246521 42
1679078959477 1.1110557317733765 43
1679080501918 1.1066495180130005 44
1679082152531 1.1073095798492432 45
1679083695544 1.098219394683838 46
1679085351530 1.095863938331604 47
1679086894484 1.0927293300628662 48
1679088544453 1.089123249053955 49
1679090087155 1.0829740762710571 50
1679091745591 1.0778555870056152 51
1679093287943 1.0767947435379028 52
1679094831146 1.0788310766220093 53
1679096374244 1.069751262664795 54
1679098024564 1.0651919841766357 55
1679099567691 1.0654476881027222 56
1679101225005 1.0591336488723755 57
1679102767217 1.0577882528305054 58
1679104413391 1.0539849996566772 59
1679105956572 1.048756718635559 60
1679107610292 1.0441644191741943 61
1679109153267 1.043070673942566 62
1679110804133 1.042073369026184 63
1679112346875 1.039476990699768 64
1679113999888 1.0319699048995972 65
1679115542069 1.0338361263275146 66
1679117193086 1.0292237997055054 67
1679118736368 1.023112177848816 68
1679120392294 1.0221092700958252 69
1679121935073 1.0238981246948242 70
1679123584889 1.015345573425293 71
1679125127132 1.0166189670562744 72
1679126781640 1.0150099992752075 73
1679128324347 1.0084031820297241 74
1679129977880 1.0072541236877441 75
1679131521228 1.0047730207443237 76
1679133174972 1.004237413406372 77
1679134717851 0.9972635507583618 78
1679136366006 0.9918091893196106 79
1679137908149 0.9811223745346069 80
1679139563738 0.9707974791526794 81
1679141106824 0.9616115093231201 82
1679142757605 0.9541528224945068 83
1679144300350 0.942317545413971 84
1679145953254 0.9334907531738281 85
1679147495535 0.9210687279701233 86
1679149150708 0.9134746193885803 87
1679150693018 0.9088758826255798 88
1679152350234 0.9043097496032715 89
1679153893797 0.9025089144706726 90
1679155436634 0.9053895473480225 91
1679156979908 0.9022876620292664 92
1679158632100 0.8989349603652954 93
1679160172102 0.902076005935669 94
1679161715772 0.900005578994751 95
1679163259022 0.8990210294723511 96
1679164801739 0.8999309539794922 97
1679166344239 0.9002824425697327 98
1679167887373 0.899505078792572 99
1679169429682 0.8993706703186035 100
1679171090166 0.8950653076171875 101
1679172632013 0.9004920125007629 102
1679174292930 0.8949203491210938 103
1679175836282 0.8958829641342163 104
1679177378902 0.8964627981185913 105
1679178921320 0.8935217261314392 106
1679180581380 0.8946529030799866 107
1679182123254 0.8950137495994568 108
1679183785000 0.89388108253479 109
1679185327774 0.8941575884819031 110
1679186870276 0.8939608931541443 111
1679188413038 0.8927083015441895 112
1679189955523 0.8958883881568909 113
1679191499270 0.8946306109428406 114
1679193160343 0.8915864825248718 115
1679194702046 0.8941627144813538 116
1679196244618 0.8922702074050903 117
1679197787461 0.8897281885147095 118
1679199446038 0.8913401961326599 119
1679200988673 0.8900250792503357 120
1679202652713 0.8888969421386719 121
1679204194940 0.8905430436134338 122
1679205737784 0.890163242816925 123
1679207280714 0.8883840441703796 124
1679208822936 0.8890629410743713 125
1679210366138 0.888776421546936 126
1679211907990 0.8918530344963074 127
1679213451203 0.8875277042388916 128
1679215115823 0.888409435749054 129
1679216657558 0.8885073065757751 130
1679218316327 0.8870635628700256 131
1679219858712 0.8859235644340515 132
1679221401530 0.8878033757209778 133
1679222944247 0.8859432935714722 134
1679224609445 0.887006938457489 135
1679226150583 0.8854507207870483 136
1679227811812 0.8835430145263672 137
1679229353316 0.8871439695358276 138
1679230895503 0.8875888586044312 139
1679232437855 0.8822857141494751 140
1679233979319 0.8860202431678772 141
1679235521316 0.8849709033966064 142
1679237181333 0.8810592293739319 143
1679238724161 0.8854787945747375 144
1679240267436 0.8816702961921692 145
1679241810905 0.881600022315979 146
1679243353876 0.8841579556465149 147
1679244897749 0.8834517002105713 148
1679246441155 0.8809729814529419 149
1679247983602 0.8835098743438721 150
1679249648683 0.8797533512115479 151
1679251190388 0.8839361667633057 152
1679252733129 0.8797830939292908 153
1679254275727 0.8806111216545105 154
1679255819267 0.8821718692779541 155
1679257362076 0.878332257270813 156
1679259022039 0.8790867328643799 157
1679260564247 0.8813875913619995 158
1679262106838 0.8799987435340881 159
1679263649741 0.8795222640037537 160
1679265304733 0.8774783611297607 161
1679266847329 0.8761950135231018 162
1679268389206 0.8783122301101685 163
1679269931881 0.8788632750511169 164
1679271589753 0.8770900368690491 165
1679273131644 0.8800302147865295 166
1679274673726 0.8782845735549927 167
1679276216237 0.8772062659263611 168
1679277875291 0.8768430352210999 169
1679279417694 0.8749604225158691 170
1679281074092 0.8760433197021484 171
1679282615734 0.8779615163803101 172
1679284157532 0.8768296241760254 173
1679285699832 0.8742477297782898 174
1679287240764 0.8765071034431458 175
1679288783219 0.8732185363769531 176
1679290324291 0.8766577839851379 177
1679291866495 0.8746449947357178 178
1679293531063 0.8739913105964661 179
1679295073054 0.8752212524414062 180
1679296775966 0.8725109696388245 181
1679298318089 0.8719372153282166 182
1679299859773 0.874417245388031 183
1679301402078 0.8733168244361877 184
1679302944696 0.8754799962043762 185
1679304484248 0.8723695278167725 186
1679306153542 0.8707688450813293 187
1679307694831 0.8713839054107666 188
1679309241215 0.8741940259933472 189
1679310783796 0.8690428733825684 190
1679312326172 0.8737313151359558 191
1679313868809 0.8707156777381897 192
1679315537017 0.8690474629402161 193
1679317079322 0.872272789478302 194
1679318622581 0.8690221309661865 195
1679320165465 0.8696989417076111 196
1679321708044 0.871212363243103 197
1679323250728 0.8697907328605652 198
1679324913921 0.8682781457901001 199
1679326455914 0.8704408407211304 200
1679328121394 0.8671377301216125 201
1679329663629 0.8708903789520264 202
1679331207073 0.8691598773002625 203
1679332749921 0.8681157231330872 204
1679334292634 0.869581937789917 205
1679335835753 0.8668776154518127 206
1679337501514 0.8663442730903625 207
1679339043784 0.8678171038627625 208
1679340587040 0.8678950667381287 209
1679342130070 0.8668821454048157 210
1679343795105 0.8661601543426514 211
1679345338630 0.8644318580627441 212
1679346882687 0.8675360679626465 213
1679348426373 0.8662875294685364 214
1679350090094 0.8649854063987732 215
1679351632342 0.8670079112052917 216
1679353296065 0.8642830848693848 217
1679354835398 0.8641238808631897 218
1679356372952 0.8663841485977173 219
1679357910556 0.8628991842269897 220
1679359571816 0.8624924421310425 221
1679361104510 0.8660107851028442 222
1679362638180 0.8636720180511475 223
1679364171732 0.8624390363693237 224
1679365705137 0.8643706440925598 225
1679367238960 0.8609568476676941 226
1679368772513 0.8669876456260681 227
1679370306587 0.8626447319984436 228
1679371961919 0.8618444204330444 229
1679373494371 0.8646885752677917 230
1679375149029 0.8598616719245911 231
1679376682526 0.8609268069267273 232
1679378215984 0.8631702065467834 233
1679379749339 0.8610249161720276 234
1679381283199 0.8620151281356812 235
1679382816350 0.8605084419250488 236
1679384468661 0.8590795993804932 237
1679386001620 0.8621137142181396 238
1679387535621 0.8618854880332947 239
1679389069365 0.8581554293632507 240
1679390602960 0.8628683686256409 241
1679392136924 0.8600074648857117 242
1679393795188 0.857073962688446 243
1679395328334 0.8610960841178894 244
1679396862655 0.8574628829956055 245
1679398396809 0.8573207855224609 246
1679399930669 0.8595391511917114 247
1679401465529 0.8589475154876709 248
1679403000459 0.8578434586524963 249
1679404534507 0.8596292734146118 250
1679406183263 0.8569522500038147 251
1679407716995 0.8587526679039001 252
1679409251961 0.8570336699485779 253
1679410788560 0.8566675186157227 254
1679412324617 0.8570237159729004 255
1679413860352 0.854496419429779 256
1679415516194 0.856907844543457 257
1679417050838 0.8562771081924438 258
1679418713270 0.8546664118766785 259
1679420250109 0.856825590133667 260
1679421786710 0.8558806777000427 261
1679423323858 0.8541406393051147 262
1679424860035 0.8576350808143616 263
1679426396667 0.8580463528633118 264
1679428054007 0.8542133569717407 265
1679429589499 0.855927586555481 266
1679431126372 0.8545630574226379 267
1679432662643 0.852899968624115 268
1679434198346 0.8552735447883606 269
1679435734742 0.8528386354446411 270
1679437394497 0.8526726365089417 271
1679438930098 0.8535594940185547 272
1679440466561 0.8545020222663879 273
1679442002933 0.8517942428588867 274
1679443661233 0.8523869514465332 275
1679445197598 0.8493402004241943 276
1679446733597 0.8535434007644653 277
1679448269773 0.8523647785186768 278
1679449927034 0.8511480093002319 279
1679451461868 0.8525947332382202 280
1679452998794 0.85103839635849 281
1679454535215 0.850791335105896 282
1679456071051 0.8525397777557373 283
1679457607422 0.8514671325683594 284
1679459143720 0.8511437177658081 285
1679460679533 0.8491619825363159 286
1679462336061 0.847983717918396 287
1679463871114 0.8508639931678772 288
1679465407330 0.8522014021873474 289
1679466943795 0.8489605188369751 290
1679468479560 0.8527964949607849 291
1679470015844 0.849261999130249 292
1679471668407 0.8469234108924866 293
1679473203791 0.8497574329376221 294
1679474740151 0.8475428819656372 295
1679476276469 0.8480219841003418 296
1679477812475 0.8483201265335083 297
1679479349231 0.8493049740791321 298
1679481008063 0.8450527191162109 299
1679482543339 0.8493720293045044 300
1679484079700 0.8452211618423462 301
1679485614832 0.8497106432914734 302
1679487150891 0.847151517868042 303
1679488686881 0.8468459844589233 304
1679490222390 0.8483413457870483 305
1679491758697 0.8457581400871277 306
1679493414387 0.845045804977417 307
1679494950404 0.847517728805542 308
1679496609041 0.8444218039512634 309
1679498146199 0.8462599515914917 310
1679499683265 0.8445184826850891 311
1679501220289 0.8418426513671875 312
1679502759454 0.8444775938987732 313
1679504297978 0.8436644673347473 314
1679506008889 0.8442712426185608 315
1679507545388 0.8457231521606445 316
1679509204890 0.8422804474830627 317
1679510741724 0.8424869775772095 318
1679512278130 0.8455891013145447 319
1679513814850 0.8421016931533813 320
1679515351881 0.8430903553962708 321
1679516888337 0.8446980118751526 322
1679518425428 0.8430869579315186 323
1679519963186 0.8409959077835083 324
1679521504937 0.8451623320579529 325
