1679010070234 6e-06 0
1679011770377 1.4625e-05 1
1679013370150 2.325e-05 2
1679015021868 3.1875003e-05 3
1679016563196 4.0500003e-05 4
1679018214423 4.9125003e-05 5
1679019755924 5.7750003e-05 6
1679021414829 6.6375e-05 7
1679022955641 7.5e-05 8
1679024609793 7.5e-05 9
1679026151355 7.5e-05 10
1679027805646 7.5e-05 11
1679029347146 7.5e-05 12
1679031001951 7.5e-05 13
1679032544755 7.5e-05 14
1679034199093 7.5e-05 15
1679035740402 7.5e-05 16
1679037390643 7.5e-05 17
1679038933014 7.5e-05 18
1679040590602 7.5e-05 19
1679042133502 7.5e-05 20
1679043789804 7.5e-05 21
1679045331810 7.5e-05 22
1679046987787 7.5e-05 23
1679048530097 7.5e-05 24
1679050180664 7.5e-05 25
1679051723337 7.5e-05 26
1679053379266 7.5e-05 27
1679054922235 7.5e-05 28
1679056575264 7.5e-05 29
1679058117206 7.5e-05 30
1679059772131 7.5e-05 31
1679061314960 7.5e-05 32
1679062967747 7.5e-05 33
1679064511330 7.5e-05 34
1679066168186 7.5e-05 35
1679067710422 7.5e-05 36
1679069365082 7.5e-05 37
1679070907710 7.5e-05 38
1679072564519 7.5e-05 39
1679074107450 7.5e-05 40
1679075761536 7.5e-05 41
1679077304618 7.5e-05 42
1679078959477 7.5e-05 43
1679080501918 7.5e-05 44
1679082152531 7.5e-05 45
1679083695544 7.5e-05 46
1679085351530 7.5e-05 47
1679086894484 7.5e-05 48
1679088544453 7.5e-05 49
1679090087155 7.5e-05 50
1679091745591 7.5e-05 51
1679093287943 7.5e-05 52
1679094831146 7.5e-05 53
1679096374244 7.5e-05 54
1679098024564 7.5e-05 55
1679099567691 7.5e-05 56
1679101225005 7.5e-05 57
1679102767217 7.5e-05 58
1679104413391 7.5e-05 59
1679105956572 7.5e-05 60
1679107610292 7.5e-05 61
1679109153267 7.5e-05 62
1679110804133 7.5e-05 63
1679112346875 7.5e-05 64
1679113999888 7.5e-05 65
1679115542069 7.5e-05 66
1679117193086 7.5e-05 67
1679118736368 7.5e-05 68
1679120392294 7.5e-05 69
1679121935073 7.5e-05 70
1679123584889 7.5e-05 71
1679125127132 7.5e-05 72
1679126781640 7.5e-05 73
1679128324347 7.5e-05 74
1679129977880 7.5e-05 75
1679131521228 7.5e-05 76
1679133174972 7.5e-05 77
1679134717851 7.5e-05 78
1679136366006 6.7650006e-05 79
1679137908149 6.0300004e-05 80
1679139563738 5.2950003e-05 81
1679141106824 4.5600005e-05 82
1679142757605 3.8250004e-05 83
1679144300350 3.0900002e-05 84
1679145953254 2.3550005e-05 85
1679147495535 1.6200003e-05 86
1679149150708 8.850002e-06 87
1679150693018 1.5000041e-06 88
1679152350234 1.5e-06 89
1679153893797 1.5e-06 90
1679155436634 1.5e-06 91
1679156979908 1.5e-06 92
1679158632100 1.5e-06 93
1679160172102 1.5e-06 94
1679161715772 1.5e-06 95
1679163259022 1.5e-06 96
1679164801739 1.5e-06 97
1679166344239 1.5e-06 98
1679167887373 1.5e-06 99
1679169429682 1.5e-06 100
1679171090166 1.5e-06 101
1679172632013 1.5e-06 102
1679174292930 1.5e-06 103
1679175836282 1.5e-06 104
1679177378902 1.5e-06 105
1679178921320 1.5e-06 106
1679180581380 1.5e-06 107
1679182123254 1.5e-06 108
1679183785000 1.5e-06 109
1679185327774 1.5e-06 110
1679186870276 1.5e-06 111
1679188413038 1.5e-06 112
1679189955523 1.5e-06 113
1679191499270 1.5e-06 114
1679193160343 1.5e-06 115
1679194702046 1.5e-06 116
1679196244618 1.5e-06 117
1679197787461 1.5e-06 118
1679199446038 1.5e-06 119
1679200988673 1.5e-06 120
1679202652713 1.5e-06 121
1679204194940 1.5e-06 122
1679205737784 1.5e-06 123
1679207280714 1.5e-06 124
1679208822936 1.5e-06 125
1679210366138 1.5e-06 126
1679211907990 1.5e-06 127
1679213451203 1.5e-06 128
1679215115823 1.5e-06 129
1679216657558 1.5e-06 130
1679218316327 1.5e-06 131
1679219858712 1.5e-06 132
1679221401530 1.5e-06 133
1679222944247 1.5e-06 134
1679224609445 1.5e-06 135
1679226150583 1.5e-06 136
1679227811812 1.5e-06 137
1679229353316 1.5e-06 138
1679230895503 1.5e-06 139
1679232437855 1.5e-06 140
1679233979319 1.5e-06 141
1679235521316 1.5e-06 142
1679237181333 1.5e-06 143
1679238724161 1.5e-06 144
1679240267436 1.5e-06 145
1679241810905 1.5e-06 146
1679243353876 1.5e-06 147
1679244897749 1.5e-06 148
1679246441155 1.5e-06 149
1679247983602 1.5e-06 150
1679249648683 1.5e-06 151
1679251190388 1.5e-06 152
1679252733129 1.5e-06 153
1679254275727 1.5e-06 154
1679255819267 1.5e-06 155
1679257362076 1.5e-06 156
1679259022039 1.5e-06 157
1679260564247 1.5e-06 158
1679262106838 1.5e-06 159
1679263649741 1.5e-06 160
1679265304733 1.5e-06 161
1679266847329 1.5e-06 162
1679268389206 1.5e-06 163
1679269931881 1.5e-06 164
1679271589753 1.5e-06 165
1679273131644 1.5e-06 166
1679274673726 1.5e-06 167
1679276216237 1.5e-06 168
1679277875291 1.5e-06 169
1679279417694 1.5e-06 170
1679281074092 1.5e-06 171
1679282615734 1.5e-06 172
1679284157532 1.5e-06 173
1679285699832 1.5e-06 174
1679287240764 1.5e-06 175
1679288783219 1.5e-06 176
1679290324291 1.5e-06 177
1679291866495 1.5e-06 178
1679293531063 1.5e-06 179
1679295073054 1.5e-06 180
1679296775966 1.5e-06 181
1679298318089 1.5e-06 182
1679299859773 1.5e-06 183
1679301402078 1.5e-06 184
1679302944696 1.5e-06 185
1679304484248 1.5e-06 186
1679306153542 1.5e-06 187
1679307694831 1.5e-06 188
1679309241215 1.5e-06 189
1679310783796 1.5e-06 190
1679312326172 1.5e-06 191
1679313868809 1.5e-06 192
1679315537017 1.5e-06 193
1679317079322 1.5e-06 194
1679318622581 1.5e-06 195
1679320165465 1.5e-06 196
1679321708044 1.5e-06 197
1679323250728 1.5e-06 198
1679324913921 1.5e-06 199
1679326455914 1.5e-06 200
1679328121394 1.5e-06 201
1679329663629 1.5e-06 202
1679331207073 1.5e-06 203
1679332749921 1.5e-06 204
1679334292634 1.5e-06 205
1679335835753 1.5e-06 206
1679337501514 1.5e-06 207
1679339043784 1.5e-06 208
1679340587040 1.5e-06 209
1679342130070 1.5e-06 210
1679343795105 1.5e-06 211
1679345338630 1.5e-06 212
1679346882687 1.5e-06 213
1679348426373 1.5e-06 214
1679350090094 1.5e-06 215
1679351632342 1.5e-06 216
1679353296065 1.5e-06 217
1679354835398 1.5e-06 218
1679356372952 1.5e-06 219
1679357910556 1.5e-06 220
1679359571816 1.5e-06 221
1679361104510 1.5e-06 222
1679362638180 1.5e-06 223
1679364171732 1.5e-06 224
1679365705137 1.5e-06 225
1679367238960 1.5e-06 226
1679368772513 1.5e-06 227
1679370306587 1.5e-06 228
1679371961919 1.5e-06 229
1679373494371 1.5e-06 230
1679375149029 1.5e-06 231
1679376682526 1.5e-06 232
1679378215984 1.5e-06 233
1679379749339 1.5e-06 234
1679381283199 1.5e-06 235
1679382816350 1.5e-06 236
1679384468661 1.5e-06 237
1679386001620 1.5e-06 238
1679387535621 1.5e-06 239
1679389069365 1.5e-06 240
1679390602960 1.5e-06 241
1679392136924 1.5e-06 242
1679393795188 1.5e-06 243
1679395328334 1.5e-06 244
1679396862655 1.5e-06 245
1679398396809 1.5e-06 246
1679399930669 1.5e-06 247
1679401465529 1.5e-06 248
1679403000459 1.5e-06 249
1679404534507 1.5e-06 250
1679406183263 1.5e-06 251
1679407716995 1.5e-06 252
1679409251961 1.5e-06 253
1679410788560 1.5e-06 254
1679412324617 1.5e-06 255
1679413860352 1.5e-06 256
1679415516194 1.5e-06 257
1679417050838 1.5e-06 258
1679418713270 1.5e-06 259
1679420250109 1.5e-06 260
1679421786710 1.5e-06 261
1679423323858 1.5e-06 262
1679424860035 1.5e-06 263
1679426396667 1.5e-06 264
1679428054007 1.5e-06 265
1679429589499 1.5e-06 266
1679431126372 1.5e-06 267
1679432662643 1.5e-06 268
1679434198346 1.5e-06 269
1679435734742 1.5e-06 270
1679437394497 1.5e-06 271
1679438930098 1.5e-06 272
1679440466561 1.5e-06 273
1679442002933 1.5e-06 274
1679443661233 1.5e-06 275
1679445197598 1.5e-06 276
1679446733597 1.5e-06 277
1679448269773 1.5e-06 278
1679449927034 1.5e-06 279
1679451461868 1.5e-06 280
1679452998794 1.5e-06 281
1679454535215 1.5e-06 282
1679456071051 1.5e-06 283
1679457607422 1.5e-06 284
1679459143720 1.5e-06 285
1679460679533 1.5e-06 286
1679462336061 1.5e-06 287
1679463871114 1.5e-06 288
1679465407330 1.5e-06 289
1679466943795 1.5e-06 290
1679468479560 1.5e-06 291
1679470015844 1.5e-06 292
1679471668407 1.5e-06 293
1679473203791 1.5e-06 294
1679474740151 1.5e-06 295
1679476276469 1.5e-06 296
1679477812475 1.5e-06 297
1679479349231 1.5e-06 298
1679481008063 1.5e-06 299
1679482543339 1.5e-06 300
1679484079700 1.5e-06 301
1679485614832 1.5e-06 302
1679487150891 1.5e-06 303
1679488686881 1.5e-06 304
1679490222390 1.5e-06 305
1679491758697 1.5e-06 306
1679493414387 1.5e-06 307
1679494950404 1.5e-06 308
1679496609041 1.5e-06 309
1679498146199 1.5e-06 310
1679499683265 1.5e-06 311
1679501220289 1.5e-06 312
1679502759454 1.5e-06 313
1679504297978 1.5e-06 314
1679506008889 1.5e-06 315
1679507545388 1.5e-06 316
1679509204890 1.5e-06 317
1679510741724 1.5e-06 318
1679512278130 1.5e-06 319
1679513814850 1.5e-06 320
1679515351881 1.5e-06 321
1679516888337 1.5e-06 322
1679518425428 1.5e-06 323
1679519963186 1.5e-06 324
1679521504937 1.5e-06 325
1679523045882 1.5e-06 326
1679524589105 1.5e-06 327
1679526131751 1.5e-06 328
1679527795257 1.5e-06 329
1679529337467 1.5e-06 330
1679530880407 1.5e-06 331
1679532423498 1.5e-06 332
1679533966662 1.5e-06 333
1679535510105 1.5e-06 334
1679537053404 1.5e-06 335
1679538596366 1.5e-06 336
1679540260489 1.5e-06 337
1679541802389 1.5e-06 338
1679543345436 1.5e-06 339
1679544888060 1.5e-06 340
1679546430176 1.5e-06 341
1679547972723 1.5e-06 342
1679549515650 1.5e-06 343
1679551057846 1.5e-06 344
1679552600742 1.5e-06 345
1679554143918 1.5e-06 346
1679555686280 1.5e-06 347
1679557231340 1.5e-06 348
1679558903652 1.5e-06 349
1679560452040 1.5e-06 350
1679561997831 1.5e-06 351
1679563545982 1.5e-06 352
1679565092356 1.5e-06 353
1679566638117 1.5e-06 354
1679568186047 1.5e-06 355
1679569732879 1.5e-06 356
1679571410272 1.5e-06 357
1679572955351 1.5e-06 358
1679574632222 1.5e-06 359
1679576179471 1.5e-06 360
1679577726255 1.5e-06 361
1679579276189 1.5e-06 362
1679580822600 1.5e-06 363
1679582372387 1.5e-06 364
1679583919937 1.5e-06 365
1679585469728 1.5e-06 366
1679587144993 1.5e-06 367
1679588690976 1.5e-06 368
1679590239987 1.5e-06 369
1679591786237 1.5e-06 370
1679593465983 1.5e-06 371
1679595012372 1.5e-06 372
1679596562264 1.5e-06 373
1679598108484 1.5e-06 374
1679599653408 1.5e-06 375
1679601201974 1.5e-06 376
1679602747971 1.5e-06 377
