1679010070234 0.9732991456985474 0
1679011770377 0.6288331151008606 1
1679013370150 0.4047248661518097 2
1679015021868 0.27295204997062683 3
1679016563196 0.1938098669052124 4
1679018214423 0.1472168266773224 5
1679019755924 0.11899524182081223 6
1679021414829 0.10117580741643906 7
1679022955641 0.08771238476037979 8
1679024609793 0.07786320894956589 9
1679026151355 0.07062031328678131 10
1679027805646 0.0650140792131424 11
1679029347146 0.06071830540895462 12
1679031001951 0.05673592537641525 13
1679032544755 0.0537809394299984 14
1679034199093 0.05172360688447952 15
1679035740402 0.048701994121074677 16
1679037390643 0.04691626876592636 17
1679038933014 0.04543694108724594 18
1679040590602 0.04353851079940796 19
1679042133502 0.04215385392308235 20
1679043789804 0.040964897722005844 21
1679045331810 0.03974587470293045 22
1679046987787 0.038819167762994766 23
1679048530097 0.03779488429427147 24
1679050180664 0.036578789353370667 25
1679051723337 0.036166928708553314 26
1679053379266 0.0350971482694149 27
1679054922235 0.03436920791864395 28
1679056575264 0.03385632485151291 29
1679058117206 0.03303626924753189 30
1679059772131 0.032327983528375626 31
1679061314960 0.03204217925667763 32
1679062967747 0.0313931405544281 33
1679064511330 0.030791958793997765 34
1679066168186 0.030469903722405434 35
1679067710422 0.029778989031910896 36
1679069365082 0.029507175087928772 37
1679070907710 0.0292888805270195 38
1679072564519 0.02846592478454113 39
1679074107450 0.028511635959148407 40
1679075761536 0.02781994454562664 41
1679077304618 0.027494382113218307 42
1679078959477 0.02745068445801735 43
1679080501918 0.026819223538041115 44
1679082152531 0.02654373273253441 45
1679083695544 0.026414070278406143 46
1679085351530 0.02603474073112011 47
1679086894484 0.02593792974948883 48
1679088544453 0.025601381435990334 49
1679090087155 0.025281375274062157 50
1679091745591 0.025180866941809654 51
1679093287943 0.024829048663377762 52
1679094831146 0.024580126628279686 53
1679096374244 0.024420179426670074 54
1679098024564 0.024081598967313766 55
1679099567691 0.02384920045733452 56
1679101225005 0.0239214189350605 57
1679102767217 0.02345062419772148 58
1679104413391 0.023350225761532784 59
1679105956572 0.02320041134953499 60
1679107610292 0.02291763946413994 61
1679109153267 0.022850632667541504 62
1679110804133 0.022593455389142036 63
1679112346875 0.022406771779060364 64
1679113999888 0.02245333045721054 65
1679115542069 0.022244060412049294 66
1679117193086 0.02195558324456215 67
1679118736368 0.021948259323835373 68
1679120392294 0.02165641076862812 69
1679121935073 0.02197911962866783 70
1679123584889 0.021507414057850838 71
1679125127132 0.021350663155317307 72
1679126781640 0.02129310928285122 73
1679128324347 0.021067587658762932 74
1679129977880 0.020923316478729248 75
1679131521228 0.021063856780529022 76
1679133174972 0.020709730684757233 77
1679134717851 0.020601052790880203 78
1679136366006 0.02049398235976696 79
1679137908149 0.020138191059231758 80
1679139563738 0.019865546375513077 81
1679141106824 0.01988067477941513 82
1679142757605 0.019469963386654854 83
1679144300350 0.019373640418052673 84
1679145953254 0.019271010532975197 85
1679147495535 0.019075380638241768 86
1679149150708 0.01902010105550289 87
1679150693018 0.018898552283644676 88
1679152350234 0.018819881603121758 89
1679153893797 0.019011881202459335 90
1679155436634 0.018830295652151108 91
1679156979908 0.018829381093382835 92
1679158632100 0.018955305218696594 93
1679160172102 0.018773170188069344 94
1679161715772 0.018785350024700165 95
1679163259022 0.01889909617602825 96
1679164801739 0.018803391605615616 97
1679166344239 0.01883561909198761 98
1679167887373 0.01882391795516014 99
1679169429682 0.01875094510614872 100
1679171090166 0.018884724006056786 101
1679172632013 0.018813764676451683 102
1679174292930 0.01876365952193737 103
1679175836282 0.018873242661356926 104
1679177378902 0.018774086609482765 105
1679178921320 0.018727917224168777 106
1679180581380 0.01888781599700451 107
1679182123254 0.0186960119754076 108
1679183785000 0.018765216693282127 109
1679185327774 0.018808754161000252 110
1679186870276 0.018732959404587746 111
1679188413038 0.018791096284985542 112
1679189955523 0.01874365843832493 113
1679191499270 0.018682468682527542 114
1679193160343 0.018886925652623177 115
1679194702046 0.01868712715804577 116
1679196244618 0.018714051693677902 117
1679197787461 0.018826225772500038 118
1679199446038 0.018662970513105392 119
1679200988673 0.01868060976266861 120
1679202652713 0.018786106258630753 121
1679204194940 0.018699005246162415 122
1679205737784 0.01875431276857853 123
1679207280714 0.018696481361985207 124
1679208822936 0.018641719594597816 125
1679210366138 0.01877799816429615 126
1679211907990 0.01869594119489193 127
1679213451203 0.018675539642572403 128
1679215115823 0.01875591278076172 129
1679216657558 0.01865028776228428 130
1679218316327 0.01863040030002594 131
1679219858712 0.018786458298563957 132
1679221401530 0.018574994057416916 133
1679222944247 0.01865347847342491 134
1679224609445 0.018703021109104156 135
1679226150583 0.01864796131849289 136
1679227811812 0.018675396218895912 137
1679229353316 0.018632281571626663 138
1679230895503 0.0185762457549572 139
1679232437855 0.01879863068461418 140
1679233979319 0.01858462393283844 141
1679235521316 0.018628772348165512 142
1679237181333 0.018724188208580017 143
1679238724161 0.018558723852038383 144
1679240267436 0.01859040930867195 145
1679241810905 0.01868998073041439 146
1679243353876 0.018609123304486275 147
1679244897749 0.01863485760986805 148
1679246441155 0.018605278804898262 149
1679247983602 0.018556442111730576 150
1679249648683 0.018691569566726685 151
1679251190388 0.01858712173998356 152
1679252733129 0.018577734008431435 153
1679254275727 0.018682900816202164 154
1679255819267 0.018563522025942802 155
1679257362076 0.018546700477600098 156
1679259022039 0.01869133673608303 157
1679260564247 0.01849730871617794 158
1679262106838 0.018580708652734756 159
1679263649741 0.018616285175085068 160
1679265304733 0.018549509346485138 161
1679266847329 0.01859045773744583 162
1679268389206 0.018552646040916443 163
1679269931881 0.01849810965359211 164
1679271589753 0.018696168437600136 165
1679273131644 0.018497459590435028 166
1679274673726 0.018534407019615173 167
1679276216237 0.018639955669641495 168
1679277875291 0.018465779721736908 169
1679279417694 0.01850205659866333 170
1679281074092 0.01861702837049961 171
1679282615734 0.018526418134570122 172
1679284157532 0.018553078174591064 173
1679285699832 0.018514716997742653 174
1679287240764 0.018463633954524994 175
1679288783219 0.0186042208224535 176
1679290324291 0.018498925492167473 177
1679291866495 0.018498720601201057 178
1679293531063 0.01859973557293415 179
1679295073054 0.018474822863936424 180
1679296775966 0.018456611782312393 181
1679298318089 0.01859901286661625 182
1679299859773 0.018411481752991676 183
1679301402078 0.018485143780708313 184
1679302944696 0.018549518659710884 185
1679304484248 0.01847604289650917 186
1679306153542 0.018517179414629936 187
1679307694831 0.01845952682197094 188
1679309241215 0.018419787287712097 189
1679310783796 0.01861036755144596 190
1679312326172 0.018431801348924637 191
1679313868809 0.01844950020313263 192
1679315537017 0.01855846308171749 193
1679317079322 0.018393119797110558 194
1679318622581 0.018416479229927063 195
1679320165465 0.018534762784838676 196
1679321708044 0.018445562571287155 197
1679323250728 0.01845763996243477 198
1679324913921 0.018442470580339432 199
1679326455914 0.01840059831738472 200
1679328121394 0.01851869560778141 201
1679329663629 0.01843043603003025 202
1679331207073 0.018415765836834908 203
1679332749921 0.018503256142139435 204
1679334292634 0.018396573141217232 205
1679335835753 0.01838560961186886 206
1679337501514 0.018530409783124924 207
1679339043784 0.018318424001336098 208
1679340587040 0.018411781638860703 209
1679342130070 0.018480027094483376 210
1679343795105 0.018398618325591087 211
1679345338630 0.01843288727104664 212
1679346882687 0.018376830965280533 213
1679348426373 0.018336424604058266 214
1679350090094 0.018529051914811134 215
1679351632342 0.018356826156377792 216
1679353296065 0.018390078097581863 217
1679354835398 0.018475959077477455 218
1679356372952 0.018325326964259148 219
1679357910556 0.018348917365074158 220
1679359571816 0.018452072516083717 221
1679361104510 0.018363744020462036 222
1679362638180 0.018377888947725296 223
1679364171732 0.01836741715669632 224
1679365705137 0.018316691741347313 225
1679367238960 0.018455710262060165 226
1679368772513 0.018352150917053223 227
1679370306587 0.018337024375796318 228
1679371961919 0.018438365310430527 229
1679373494371 0.018339404836297035 230
1679375149029 0.018293116241693497 231
1679376682526 0.018456852063536644 232
1679378215984 0.01827218569815159 233
1679379749339 0.01833411492407322 234
1679381283199 0.01839257963001728 235
1679382816350 0.018327370285987854 236
1679384468661 0.01836279220879078 237
1679386001620 0.01830652356147766 238
1679387535621 0.01824849285185337 239
1679389069365 0.01843598112463951 240
1679390602960 0.01828307844698429 241
1679392136924 0.018301183357834816 242
1679393795188 0.01838240958750248 243
1679395328334 0.01825786754488945 244
1679396862655 0.01827009953558445 245
1679398396809 0.018380988389253616 246
1679399930669 0.01829574629664421 247
1679401465529 0.018306776881217957 248
1679403000459 0.01830129697918892 249
1679404534507 0.01824178546667099 250
1679406183263 0.018384352326393127 251
1679407716995 0.01827950030565262 252
1679409251961 0.01826612837612629 253
1679410788560 0.018353650346398354 254
1679412324617 0.018260996788740158 255
1679413860352 0.018219416961073875 256
1679415516194 0.0183902308344841 257
1679417050838 0.018174558877944946 258
1679418713270 0.018252098932862282 259
1679420250109 0.01831033267080784 260
1679421786710 0.018251067027449608 261
1679423323858 0.01828829012811184 262
1679424860035 0.018229473382234573 263
1679426396667 0.018174879252910614 264
1679428054007 0.018381088972091675 265
1679429589499 0.01821603812277317 266
1679431126372 0.018247313797473907 267
1679432662643 0.018319081515073776 268
1679434198346 0.018154744058847427 269
1679435734742 0.01821168325841427 270
1679437394497 0.018318867310881615 271
1679438930098 0.01822609454393387 272
1679440466561 0.01822129264473915 273
1679442002933 0.018227169290184975 274
1679443661233 0.018189148977398872 275
1679445197598 0.018297428265213966 276
1679446733597 0.01820666901767254 277
1679448269773 0.018194716423749924 278
1679449927034 0.018291041254997253 279
1679451461868 0.018168186768889427 280
1679452998794 0.018143704161047935 281
1679454535215 0.01830974780023098 282
1679456071051 0.01814151741564274 283
1679457607422 0.01819014362990856 284
1679459143720 0.01822746731340885 285
1679460679533 0.018178746104240417 286
1679462336061 0.01822422444820404 287
1679463871114 0.018155308440327644 288
1679465407330 0.01811208389699459 289
1679466943795 0.01830805279314518 290
1679468479560 0.018149850890040398 291
1679470015844 0.018169233575463295 292
1679471668407 0.018266163766384125 293
1679473203791 0.018095824867486954 294
1679474740151 0.01812565326690674 295
1679476276469 0.01825372502207756 296
1679477812475 0.01816176250576973 297
1679479349231 0.018148213624954224 298
1679481008063 0.018159033730626106 299
1679482543339 0.018095558509230614 300
1679484079700 0.018241489306092262 301
1679485614832 0.01813129335641861 302
1679487150891 0.018120691180229187 303
1679488686881 0.018218770623207092 304
1679490222390 0.01810966059565544 305
1679491758697 0.01808309368789196 306
1679493414387 0.018244490027427673 307
1679494950404 0.018052134662866592 308
1679496609041 0.01812579296529293 309
1679498146199 0.018152467906475067 310
1679499683265 0.018109053373336792 311
1679501220289 0.018156372010707855 312
1679502759454 0.018077991902828217 313
1679504297978 0.018045656383037567 314
1679506008889 0.01823352836072445 315
1679507545388 0.018071072176098824 316
1679509204890 0.018116164952516556 317
1679510741724 0.01819690316915512 318
1679512278130 0.018015466630458832 319
1679513814850 0.018051765859127045 320
1679515351881 0.01817195490002632 321
1679516888337 0.01808043010532856 322
1679518425428 0.018081611022353172 323
1679519963186 0.018091794103384018 324
1679521504937 0.018025722354650497 325
